1000
0.8744
0.7342
0.7669
0.6407
0.7310
0.7627
0.7680
0.7883
0.5751
0.7835
0.7036
0.7571
0.7408
0.7058
0.6961
0.8842
0.7647
0.8067
0.8445
0.7608
0.7016
0.7734
0.7008
0.8805
0.7744
0.7669
0.8431
0.6887
0.8051
0.8530
0.8162
0.8248
0.7695
0.7093
0.7759
0.8186
0.6279
0.7185
0.8726
0.7438
0.6842
0.6941
0.7204
0.6748
0.7513
0.8257
0.8231
0.7545
0.7673
0.6027
0.7785
0.7534
0.7356
0.7219
0.7548
0.5714
0.7360
0.7867
0.9029
0.5754
0.8097
0.8115
0.7603
0.7462
0.8245
0.7786
0.8249
0.8217
0.6750
0.6966
0.5888
0.7684
0.7759
0.8381
0.7315
0.8400
0.6344
0.7100
0.9278
0.6041
0.7114
0.6897
0.6668
0.7717
1.0000
0.7429
0.7639
0.8264
0.7828
0.8335
0.7145
0.7206
0.7837
0.7021
0.7192
0.7347
0.6811
0.7122
0.8140
0.7774
0.6884
0.7876
0.6390
0.6410
0.7537
0.6646
0.7752
0.8388
0.7617
0.7940
0.7676
0.6671
0.7727
0.7501
0.6702
0.7689
0.6277
0.7479
0.7505
0.7957
0.7297
0.7345
0.6433
0.8327
0.6888
0.7801
0.7904
0.8450
0.6299
0.7422
0.7181
0.6583
0.7368
0.6711
0.7984
0.7448
0.7068
0.7390
0.7237
0.7093
0.8648
0.7362
0.5994
0.7048
0.8006
0.6657
0.7741
0.8001
0.7228
0.7985
0.5052
0.8052
0.7827
0.8453
0.8748
0.7359
0.7894
0.7642
0.7359
0.8491
0.8329
0.8384
0.8115
0.7191
0.9771
0.8399
0.6864
0.7391
0.7692
0.8295
0.7209
0.8796
0.8052
0.7838
0.8235
0.8016
0.8299
0.7587
0.7491
0.6983
0.8925
0.7465
0.8394
0.8467
0.7640
0.6692
0.7518
0.7729
0.6443
0.7330
0.6038
0.7657
0.8294
0.7418
0.7427
0.8579
0.7109
0.6620
0.8691
0.8566
0.8214
0.8100
0.6219
0.6937
0.8412
0.8403
0.7206
0.7916
0.7941
0.8173
0.8523
0.8021
0.7048
0.7047
0.6987
0.7391
0.7006
0.6423
0.8279
0.6704
0.8044
0.8057
0.7093
0.6290
0.7116
0.8063
0.6768
0.7322
0.7818
0.6639
0.7777
0.7287
0.7365
0.7279
0.6602
0.7986
0.8028
0.8275
0.8154
0.8333
0.8623
0.8392
0.7082
0.7638
0.6721
0.6995
0.7805
0.7025
0.8737
0.7657
0.8527
0.9152
0.6765
0.8457
0.7397
0.7404
0.7502
0.8399
0.8534
0.7718
0.8387
0.6884
0.6697
0.7603
0.6260
0.8132
0.8069
0.5503
0.6507
0.6983
0.5922
0.6735
0.7153
0.5749
0.7382
0.7241
0.6998
0.6518
0.8423
0.8446
0.7618
0.8867
0.7593
0.7650
0.7490
0.8065
0.6061
0.7210
0.7706
0.9128
0.6393
0.8769
0.8513
0.6641
0.9566
0.8647
0.6529
0.8176
0.7606
0.8161
0.7183
0.8019
0.8948
0.7216
0.6921
0.7914
0.8854
0.7136
0.7911
0.8679
0.6915
0.8254
0.7531
0.6908
0.8146
0.8068
0.7524
0.7437
0.9486
0.7962
0.6979
0.7594
0.7154
0.6549
0.6492
0.8699
0.8269
0.8500
0.7772
0.6204
0.8402
0.7187
0.8376
0.6682
0.7625
0.8694
0.8330
0.6818
0.7048
0.7513
0.5439
0.8516
0.7403
0.6661
0.7145
0.8149
0.8840
0.8055
0.8462
0.6676
0.5758
0.7387
0.7918
0.8730
0.9019
0.7837
0.6353
0.8446
0.7746
0.6812
0.7590
0.7986
0.7211
0.8309
0.6370
0.7182
0.6945
0.8142
0.8935
0.7192
0.6622
0.8178
0.7301
0.7358
0.6788
0.7628
0.9021
0.6521
0.7128
0.7721
0.7235
0.8352
0.7512
0.8722
0.7045
0.8482
0.7537
0.8795
0.8400
0.8449
0.7008
0.6990
0.8140
0.9006
0.8579
0.6389
0.6978
0.6996
0.7886
0.6777
0.7907
0.7021
0.7254
0.7639
0.7305
0.9312
0.8038
0.8725
0.7533
0.7029
0.5464
0.8219
0.7502
0.7835
0.7250
0.6015
0.7264
0.8765
0.7182
0.7141
0.7413
0.7967
0.7609
0.6607
0.7570
0.6807
0.8323
0.7235
0.6938
0.6176
0.8798
0.7991
0.7927
0.7808
0.8179
0.7918
0.7415
0.8016
0.8480
0.6307
0.8988
0.5888
0.7128
0.6456
0.6937
0.7424
0.7355
0.6153
0.7333
0.7391
0.8599
0.7634
0.7836
0.8180
0.6794
0.8151
0.6457
0.7002
0.6915
0.7477
0.7055
0.8071
0.7535
0.7417
0.6616
0.8186
0.7305
0.6565
0.6665
0.7818
0.7138
0.7398
0.6126
0.7603
0.7813
0.7820
0.8444
0.6854
0.8429
0.7926
0.7101
0.7873
0.6993
0.7561
0.8318
0.8344
0.7508
0.6240
0.8644
0.6901
0.7010
0.7067
0.5635
0.6629
0.7492
0.7159
0.7557
0.7156
0.8653
0.7941
0.8285
0.7143
0.6366
0.7697
0.6482
0.6070
0.7199
0.6906
0.7495
0.8107
0.7968
0.8249
0.8536
0.9287
0.7788
0.7269
0.7287
0.7452
0.7550
0.7217
0.7683
0.8381
0.7686
0.9073
0.8339
0.8208
0.8523
0.6648
0.6184
0.8508
0.8121
0.8338
0.7696
0.7224
0.7654
0.8088
0.8091
0.7448
0.7555
0.8504
0.8100
0.7674
0.8881
0.7653
0.7512
0.6597
0.7823
0.7582
0.6217
0.7720
0.8472
0.8323
0.6852
0.7620
0.8329
0.8738
0.7395
0.9633
0.9102
0.6504
0.6633
0.7543
0.7043
0.7562
0.7506
0.7456
0.7327
0.7213
0.5928
0.8250
0.8633
0.8791
0.9457
0.5593
0.8303
0.8542
0.5604
0.7262
0.7404
0.8929
0.7741
0.6209
0.8090
0.6386
0.8942
0.7748
0.6377
0.8845
0.7946
0.8261
0.7657
0.6364
0.6591
0.8114
0.7211
0.8059
0.7552
0.6737
0.7015
0.8803
0.7422
0.6824
0.7703
0.7287
0.6978
0.6057
0.6931
0.8306
0.6630
0.6587
0.7056
0.7616
0.7484
0.6454
0.8384
0.7518
0.7153
0.8420
0.7320
0.7319
0.7077
0.5815
0.8270
0.7392
0.6762
0.8874
0.7415
0.7257
0.7920
0.7070
0.7590
0.7194
0.8598
0.7615
0.8056
0.7218
0.8308
0.7718
0.7213
0.8450
0.7569
0.8072
0.6237
0.8836
0.7791
0.7924
0.7121
0.6739
0.8267
0.8194
0.7814
0.8036
0.7353
0.6999
0.6660
0.7322
0.7042
0.7752
0.7735
0.8527
0.7871
0.7775
0.7742
0.8137
0.8332
0.7509
0.6881
0.7329
0.6815
0.8691
0.6666
0.7483
0.8132
0.6791
0.7485
0.7764
0.8323
0.8644
0.8087
0.7352
0.7854
0.7797
0.7443
0.6970
0.7301
0.4755
0.5243
0.7521
0.7609
0.7665
0.7200
0.6940
0.7826
0.7481
0.7901
0.7208
0.7296
0.7340
0.6150
0.8190
0.6458
0.9085
0.6782
0.6055
0.6293
0.8596
0.7366
0.6684
0.8761
0.6936
0.7797
0.7775
0.8465
0.7139
0.7332
0.7529
0.8525
0.8578
0.7957
0.8404
0.6564
0.6407
0.6735
0.6334
0.7870
0.6928
0.6605
0.8283
0.8169
0.7207
0.6743
0.7765
0.5750
0.7788
0.6910
0.6587
0.7146
0.8162
0.6863
0.7779
0.7067
0.7494
0.7253
0.6743
0.8427
0.8114
0.7916
0.6225
0.6920
0.6226
0.7628
0.8902
0.7982
0.7189
0.7073
0.5858
0.6502
0.7768
0.8447
0.7325
0.8153
0.7162
0.6713
0.7169
0.8050
0.7643
0.5882
0.7070
0.7654
0.7942
0.7447
0.7107
0.6615
0.9142
0.7839
0.7980
0.7901
0.8271
0.8236
0.8900
0.7923
0.7556
0.6803
0.8267
0.7772
0.8410
0.8281
0.7892
0.8539
0.8159
0.5946
0.7906
0.8414
0.6594
0.8341
0.7412
0.7845
0.7373
0.7316
0.8422
0.7720
0.7471
0.8918
0.9433
0.8107
0.6640
0.8006
0.7640
0.7139
0.7268
0.7690
0.7418
0.7300
0.7774
0.8565
0.8774
0.8243
0.7895
0.7323
0.8270
0.7790
0.6957
0.9157
0.6966
0.7592
0.7191
0.7240
0.8248
0.6652
0.8643
0.7624
0.7038
0.8261
0.6885
0.7367
0.6576
0.7155
0.9612
0.8235
0.7422
0.8017
0.6783
0.7430
0.6207
0.8006
0.7513
0.7899
0.7251
0.8968
0.8280
0.8528
0.7543
0.9163
0.7590
0.7591
0.6759
0.8047
0.7751
0.6418
0.6967
0.7255
0.8398
0.7279
0.7159
0.8524
0.8177
0.7251
0.7871
0.6687
0.7159
0.8231
0.8081
0.8889
0.8195
0.7213
0.6791
0.7139
0.6904
0.6697
0.8059
0.7365
0.8236
0.8226
0.6164
0.7115
0.8879
0.7929
0.7880
0.8102
0.7185
0.7136
0.6975
0.7584
0.6945
0.7237
0.8633
0.6467
0.7290
0.7154
0.7310
0.7470
0.8636
0.7015
0.6921
0.6431
0.6930
0.8559
0.7989
0.8284
0.6124
0.7316
0.7704
0.7778
0.7163
0.8107
0.7760
0.6371
0.6647
0.6705
0.7044
0.8531
0.7166
0.7935
0.8111
0.7410
0.7897
0.6560
0.6488
0.6940
0.7640
0.7870
0.7952
0.7516
0.8553
0.9017
0.6868
0.6558
0.6537
0.7372
0.7854
0.8071
0.8573
0.7118
0.7876
0.6466
0.8021
0.8168
0.7208
0.7747
0.6814
0.7290
0.6819
0.7257
0.7096
0.6959
0.8025
0.6959
0.7482
0.6780
0.7998
0.7701
0.7359
0.8047
0.7076
0.6330
0.8726
0.7655
0.7199
0.7477
0.7209
0.8164
0.7830
0.8017
0.7162
0.8749
0.8038
0.6997
0.7008
0.7430
0.8054
0.7216
0.7546
0.7281
0.8284
0.8502
0.7897
0.6404
0.8373
0.8558
0.8495
0.9041
0.8175
0.7316
0.6855
0.7420
0.6703
0.9273
0.8399
0.7505
0.8300
