5000
18
51
98
93
74
73
57
71
55
27
30
91
71
49
96
2
7
20
88
87
1
14
23
32
15
9
50
52
19
93
40
95
58
18
47
64
40
53
45
37
2
10
11
11
26
58
8
3
14
3
91
94
18
99
8
81
89
50
83
65
68
37
54
43
94
73
49
45
54
93
78
23
40
62
69
64
11
89
47
52
75
16
78
87
37
87
19
77
16
13
4
65
82
68
55
44
56
15
61
91
60
60
73
3
35
6
18
56
58
38
19
91
78
51
100
84
84
46
22
33
28
73
93
52
80
31
57
90
83
47
62
51
15
19
62
90
98
4
54
98
38
72
80
51
16
14
94
59
4
31
88
5
58
38
49
30
41
69
75
3
8
30
65
35
61
55
47
87
77
56
57
100
100
56
66
54
46
17
11
21
92
48
46
58
78
88
61
67
46
43
60
74
58
50
76
43
2
50
35
52
33
53
61
52
34
92
48
42
9
82
60
49
66
33
45
17
68
72
14
35
89
71
100
57
35
33
88
51
14
59
3
69
58
12
52
30
9
40
88
47
90
99
75
31
57
10
53
60
50
93
71
34
8
87
79
13
38
44
25
98
61
37
52
97
94
4
43
95
9
95
28
13
45
79
16
97
57
66
58
82
77
78
92
30
52
18
72
22
74
34
28
26
2
93
28
24
26
6
82
7
33
1
70
71
1
68
74
45
31
73
79
27
29
41
73
85
49
97
63
85
33
45
20
44
83
90
32
64
6
90
77
55
41
27
69
12
20
93
41
82
14
45
43
22
91
65
72
89
37
93
95
66
83
76
78
96
78
75
45
79
35
85
87
4
66
2
13
41
59
25
37
67
69
61
3
92
9
6
75
53
53
34
27
86
22
45
77
41
59
51
84
58
3
77
80
21
78
46
30
77
100
1
57
25
55
10
99
59
53
95
82
62
45
13
25
63
31
37
12
32
76
29
92
7
27
57
29
99
75
51
45
97
82
100
54
2
28
68
85
3
47
54
34
96
46
99
55
68
6
43
40
22
29
36
64
35
3
77
87
6
22
52
25
38
99
23
85
7
55
40
15
34
95
43
73
48
26
85
56
25
9
22
78
49
57
90
69
90
53
83
33
21
100
11
2
54
26
47
92
12
48
15
87
46
39
85
12
66
13
44
98
12
79
79
54
81
84
45
49
86
48
32
54
68
36
66
68
21
24
78
35
90
48
54
26
86
98
34
15
46
53
6
91
60
100
100
10
30
57
2
6
1
73
39
53
38
31
61
48
31
40
10
23
36
2
25
49
86
6
38
83
58
95
73
55
88
29
23
48
65
33
31
38
60
16
76
85
2
49
87
39
73
99
70
61
81
72
1
5
62
98
91
63
39
80
99
7
55
35
68
79
97
91
51
73
1
79
41
36
98
68
15
77
20
58
77
24
18
12
68
30
49
55
36
64
76
87
94
42
85
8
72
16
66
16
48
31
73
71
17
35
59
46
57
76
40
25
27
74
87
41
6
95
28
95
55
62
44
25
65
34
29
26
79
85
2
7
42
41
12
43
14
4
99
13
73
1
65
15
47
61
76
3
6
63
75
7
83
98
7
38
85
73
57
60
1
88
19
45
60
51
90
45
4
70
43
58
27
94
18
10
79
50
30
90
21
67
27
74
82
24
53
21
30
74
83
2
30
66
52
17
7
52
1
17
71
94
6
35
95
9
29
55
34
81
38
42
86
14
90
91
12
96
46
22
68
28
77
59
62
100
42
50
14
95
2
5
67
95
45
67
47
74
33
93
21
26
55
28
72
51
50
32
13
13
34
50
73
79
59
17
98
96
49
48
74
27
34
37
59
89
82
83
24
18
59
90
39
24
41
31
35
90
23
97
56
46
8
96
29
53
9
91
100
30
47
61
70
68
84
1
4
20
94
28
71
29
83
88
5
26
68
2
82
4
26
69
35
59
99
83
85
44
44
23
56
100
15
43
6
30
65
85
21
98
12
3
38
3
61
58
10
17
71
26
100
30
88
53
90
7
55
18
52
83
52
75
88
49
51
13
55
71
61
13
28
96
62
52
36
12
16
18
85
26
44
97
66
41
79
60
34
4
1
98
49
92
54
61
21
73
55
6
29
86
2
36
55
47
35
79
73
82
93
40
43
84
87
2
53
53
70
94
38
90
8
93
61
21
29
15
30
13
56
92
61
53
35
49
24
70
51
30
100
78
51
30
76
57
27
39
57
60
20
67
69
98
57
71
54
33
68
33
75
63
29
29
57
30
30
88
44
32
38
36
41
34
28
3
86
20
19
80
15
81
39
26
89
69
56
85
80
9
81
14
74
96
60
80
5
2
65
65
63
21
86
93
87
81
5
79
72
53
32
31
69
72
84
5
56
22
88
55
42
98
2
95
87
97
92
88
72
64
48
90
23
5
36
77
93
34
40
30
73
19
75
80
80
18
37
59
44
14
89
4
45
10
6
29
54
97
30
85
33
99
19
3
43
32
13
60
83
60
10
50
39
19
21
96
41
76
39
38
70
17
97
93
76
87
10
59
26
2
74
59
74
12
57
29
88
60
36
14
46
23
92
53
37
43
84
26
33
63
56
50
92
64
27
78
91
99
98
62
71
74
70
63
78
65
68
17
58
72
90
39
95
15
46
39
70
90
41
66
22
24
59
1
100
33
37
97
90
9
6
72
79
14
46
81
89
89
91
68
81
60
36
75
35
82
82
32
31
63
3
26
56
88
53
34
9
50
81
60
94
47
100
97
36
64
52
27
22
63
77
6
64
80
93
38
3
39
36
50
36
83
85
20
32
12
97
7
78
81
2
43
75
70
70
54
34
80
64
66
89
80
15
78
10
81
48
37
52
98
29
48
37
1
42
19
54
11
43
6
37
96
1
84
32
45
45
24
2
5
94
80
64
72
18
49
42
9
4
32
93
9
88
67
20
32
97
70
32
77
20
66
72
4
78
20
78
64
3
77
2
89
53
30
48
77
40
10
11
6
66
67
66
51
66
83
95
42
50
90
39
79
75
63
36
11
31
6
65
76
23
31
32
41
37
30
42
82
35
36
73
17
96
75
74
62
29
41
89
57
4
13
79
29
58
99
38
73
25
20
44
16
7
39
50
75
31
34
75
95
89
44
70
92
20
92
52
75
16
25
90
93
35
53
5
85
89
99
66
82
4
45
15
29
13
30
37
32
49
93
17
39
94
72
10
9
86
98
61
59
92
33
49
62
77
78
49
81
30
47
18
31
58
94
90
79
18
68
63
56
76
1
94
57
74
20
76
38
17
42
66
74
27
84
91
31
18
9
93
74
86
80
74
29
3
24
82
65
73
31
67
29
89
17
61
72
73
47
52
15
5
50
36
93
64
39
54
38
43
9
44
84
80
96
2
54
68
16
60
22
33
51
93
77
10
10
46
65
72
51
41
84
9
77
84
30
39
95
21
73
90
65
96
93
17
44
54
15
40
38
49
2
48
85
1
98
70
80
88
99
47
56
17
21
67
68
54
63
59
88
14
70
5
68
58
79
91
2
70
43
45
76
57
87
18
33
84
88
32
97
10
3
18
25
74
11
18
90
6
76
60
74
41
63
27
62
73
65
66
5
1
37
91
25
5
30
34
34
16
21
87
89
65
22
33
44
98
36
88
79
43
94
52
78
47
2
83
99
8
80
56
8
20
77
71
2
6
69
1
32
37
91
70
90
69
84
10
98
19
95
57
11
97
40
42
64
27
99
12
70
34
81
58
36
22
78
10
13
36
73
88
82
2
88
60
11
42
43
43
51
91
90
28
80
54
39
90
94
57
37
49
43
87
30
44
97
81
60
53
64
15
56
49
88
77
49
69
91
46
50
56
70
79
39
85
90
96
63
9
45
37
24
22
55
39
29
20
89
66
84
38
60
99
94
71
78
47
54
44
75
99
58
38
59
46
92
23
84
58
35
6
12
100
42
93
7
8
57
90
53
45
76
19
8
9
97
6
54
16
82
10
29
5
44
25
48
73
87
91
30
11
50
1
63
10
16
95
44
21
84
66
17
16
83
80
79
55
2
78
97
37
1
98
47
62
36
66
25
55
94
9
7
73
94
100
54
16
65
86
36
17
73
59
78
44
72
59
21
48
9
53
88
39
42
51
35
17
53
15
94
59
16
92
19
53
67
62
61
17
74
17
48
45
20
85
72
77
9
3
37
63
28
32
45
59
87
17
44
48
77
17
4
97
76
33
97
69
22
29
24
60
26
99
48
52
68
15
41
4
17
27
22
20
75
16
92
33
28
33
20
81
81
85
46
100
30
27
15
36
9
81
26
96
8
49
67
80
18
73
17
78
69
76
36
85
26
100
56
6
93
4
75
87
69
4
26
61
50
70
16
73
88
100
94
65
18
9
85
47
3
24
31
78
39
88
73
77
34
88
15
48
46
73
31
42
35
73
53
5
53
77
96
98
95
52
66
18
33
6
99
65
68
73
25
31
36
22
62
42
38
7
59
57
46
24
25
93
17
4
8
77
16
69
34
89
16
4
89
90
57
11
71
36
30
19
84
12
92
98
76
60
60
1
19
75
9
28
36
75
98
12
15
26
80
82
13
29
55
71
93
6
45
79
34
41
11
24
78
31
34
87
43
45
74
33
19
54
82
65
98
62
3
20
68
13
90
77
53
84
11
21
53
9
93
50
51
91
86
44
80
36
93
77
17
40
92
12
38
46
43
50
72
59
78
57
77
24
77
38
57
88
98
58
6
64
3
18
69
93
94
87
3
92
8
13
49
43
32
96
37
53
84
93
65
19
58
35
88
47
14
96
20
30
61
98
44
39
59
79
38
64
93
43
46
71
52
99
37
66
71
54
96
3
84
75
19
30
65
100
66
60
97
39
13
100
23
40
45
91
56
95
35
90
57
22
22
32
6
10
21
6
25
81
38
52
15
41
62
82
63
82
52
18
66
60
45
90
53
58
6
41
66
85
27
35
65
87
22
11
68
99
17
75
76
43
6
18
87
67
34
19
40
50
48
39
95
42
29
10
30
29
63
73
4
64
47
67
76
9
52
75
31
77
86
40
59
1
45
6
85
42
46
36
91
96
96
76
62
96
96
84
92
31
14
86
97
6
58
64
92
40
24
8
10
32
42
88
3
31
23
51
98
37
27
32
54
52
24
54
92
7
4
62
94
31
69
38
91
54
24
98
55
62
23
91
19
16
87
12
29
78
41
95
89
16
79
40
53
30
3
23
40
27
76
48
84
19
71
94
10
35
74
50
77
48
59
42
53
52
29
57
43
86
31
20
97
31
93
72
71
63
24
13
44
79
37
44
78
38
60
69
95
7
24
66
36
31
18
59
39
2
38
36
32
72
16
85
55
9
27
86
42
29
45
63
15
78
25
10
65
74
43
4
47
58
37
26
61
40
50
80
32
12
75
71
11
94
39
47
90
95
73
83
6
66
13
2
35
13
82
94
46
57
4
22
22
13
83
71
87
73
4
49
57
10
89
17
81
35
4
56
47
93
17
34
12
48
78
45
22
84
67
100
29
10
22
44
69
69
21
65
9
93
6
86
20
12
45
42
21
33
7
80
98
27
79
4
43
95
78
67
73
54
63
28
71
36
42
78
31
48
74
80
22
34
25
6
25
46
30
75
4
59
71
80
89
37
92
60
28
64
8
54
22
72
47
87
96
60
15
6
79
15
14
45
49
55
15
67
15
48
100
56
91
16
25
83
74
36
88
62
22
29
35
32
26
37
74
63
32
65
97
77
34
36
82
74
61
84
24
8
6
80
57
92
79
18
62
91
59
46
4
33
74
58
69
63
55
43
79
87
37
49
18
87
44
76
98
50
17
60
81
51
61
60
93
82
83
74
38
14
62
47
65
46
16
59
62
52
40
90
99
52
79
97
63
47
14
29
90
31
60
96
1
42
30
35
11
38
40
61
7
40
45
56
84
73
92
61
77
98
49
62
31
79
2
29
56
43
55
94
35
97
62
73
39
92
29
91
63
86
13
63
73
52
12
80
12
40
43
64
59
27
67
29
16
33
3
96
38
66
38
47
39
71
58
78
29
100
7
87
87
2
67
18
22
3
68
68
88
86
43
37
82
84
97
42
41
11
22
82
97
27
52
76
30
52
73
18
11
79
17
28
79
39
85
98
37
46
42
18
14
92
64
71
43
19
64
30
84
59
29
6
83
52
48
46
7
85
82
83
59
39
33
60
25
41
37
37
61
76
10
18
89
86
19
58
96
80
50
5
89
95
90
71
96
50
79
24
19
53
63
47
89
64
77
55
35
7
18
14
94
25
12
41
48
81
65
24
27
10
85
31
22
33
44
45
9
45
65
9
18
65
100
64
81
72
93
75
82
36
38
97
24
83
57
58
16
78
37
92
14
18
83
71
68
95
12
51
16
98
89
31
60
66
24
11
47
49
77
12
61
10
41
53
16
100
45
74
44
4
6
2
81
99
75
57
27
10
66
83
95
82
80
24
19
100
46
16
56
72
66
82
70
97
28
34
31
63
34
19
35
19
19
8
78
53
4
61
37
4
84
71
55
4
63
92
29
7
55
40
35
92
14
4
81
21
55
29
47
29
33
83
70
50
71
24
89
55
53
58
19
37
79
1
43
71
54
76
76
74
33
19
100
60
62
75
62
28
77
19
58
75
67
99
57
41
34
74
100
99
7
12
98
18
57
95
84
14
58
35
63
18
8
27
54
55
51
63
36
51
2
4
44
58
2
15
66
90
72
44
41
10
60
41
42
5
90
61
94
91
62
15
22
64
70
34
56
73
38
6
46
50
45
9
44
84
85
77
52
78
3
96
44
54
5
20
27
12
31
51
9
62
40
93
55
30
41
84
15
54
93
9
22
60
86
28
27
28
69
12
56
68
100
49
71
3
79
17
39
27
32
82
78
57
2
47
21
29
49
47
23
74
33
45
18
85
77
36
89
69
84
46
92
6
6
43
44
13
47
56
70
29
21
85
84
94
77
1
18
67
55
5
50
35
10
26
38
58
89
67
23
7
55
64
64
52
57
25
33
76
59
29
84
37
57
33
39
58
26
99
41
40
86
70
75
54
5
73
58
59
23
21
6
46
81
22
90
90
58
76
74
56
81
54
20
9
68
89
29
24
55
92
94
64
41
16
71
97
52
33
53
76
97
4
66
52
32
99
39
100
63
46
18
93
9
27
41
73
58
15
65
87
98
55
15
75
23
38
47
15
82
15
53
11
33
92
22
56
2
2
75
33
44
93
80
35
98
67
99
92
80
13
33
40
49
47
17
3
48
30
99
61
27
33
89
80
93
67
73
38
42
1
55
66
48
8
30
72
14
13
17
54
3
38
100
57
79
65
89
66
11
97
66
95
53
45
40
62
19
75
30
99
42
15
77
7
23
83
45
22
63
64
52
73
37
11
50
15
86
30
23
26
83
73
18
14
10
54
70
83
12
8
44
40
23
1
11
69
70
6
57
51
7
11
33
3
30
34
49
26
31
67
32
23
96
72
18
83
3
60
42
14
80
38
23
24
32
56
95
49
8
31
98
27
35
12
69
12
65
56
15
82
51
6
58
17
34
24
42
61
1
90
34
25
79
76
39
53
100
73
54
2
45
65
81
3
77
49
54
39
30
30
33
9
64
3
88
26
47
35
9
94
60
80
65
6
59
82
70
16
7
53
22
75
63
89
60
53
93
98
30
55
80
55
27
7
43
68
81
97
15
64
34
9
78
21
8
100
69
7
10
2
73
47
4
43
30
82
85
37
80
75
33
5
24
99
81
70
4
8
34
71
45
96
44
93
38
75
88
37
25
95
2
95
6
99
13
45
93
75
77
40
40
97
42
9
75
70
15
85
44
52
78
39
63
24
66
28
28
32
63
14
80
100
7
66
30
81
19
44
97
49
81
62
1
73
97
58
24
12
53
40
91
2
81
51
80
96
55
82
21
43
76
40
86
45
90
72
53
48
22
35
12
19
21
99
3
94
28
74
34
43
77
66
60
50
48
66
45
28
19
5
34
97
90
68
24
30
57
51
3
69
26
88
92
23
35
25
75
79
59
92
45
35
40
19
40
14
6
53
4
65
78
55
95
30
40
48
13
33
75
28
25
17
32
42
46
65
2
25
65
83
52
93
43
29
50
10
5
78
35
95
9
54
40
47
17
44
34
52
54
7
69
60
80
29
55
100
47
74
100
80
87
51
48
91
54
87
82
92
43
100
10
46
96
14
39
26
87
79
39
90
15
45
62
43
35
47
44
67
17
29
3
67
51
67
3
91
99
11
96
97
58
53
14
11
96
50
69
15
98
26
1
31
89
53
99
65
71
53
63
1
8
93
17
68
55
53
41
20
86
14
17
100
73
5
87
87
41
4
68
64
11
48
86
5
39
90
24
74
65
33
99
99
75
43
73
19
24
1
7
95
26
19
92
90
47
4
54
55
64
40
33
2
60
40
32
27
88
50
92
54
9
50
68
14
31
56
92
97
33
57
67
79
95
29
12
93
49
69
34
22
5
21
18
99
39
66
86
21
20
94
40
97
75
61
7
18
17
52
40
6
35
53
27
60
96
95
67
71
35
46
71
89
86
44
30
81
52
17
77
51
2
70
33
41
90
86
51
53
7
21
42
46
81
60
50
58
72
72
68
50
13
12
73
10
32
68
39
20
50
55
8
10
32
45
57
33
93
96
71
21
71
4
36
88
54
20
46
25
43
54
62
72
28
94
76
4
87
69
55
12
41
91
34
42
42
17
17
72
58
47
94
17
90
6
16
47
63
29
98
80
68
85
64
11
94
45
6
43
47
95
11
31
30
20
84
7
46
98
39
76
61
75
55
26
80
21
9
27
98
66
95
81
87
6
65
19
50
94
11
54
80
47
34
80
26
77
2
45
34
9
42
87
47
16
24
82
91
54
47
11
7
79
95
68
94
75
16
27
4
84
96
25
57
82
33
25
46
8
89
97
43
39
55
20
40
55
37
13
90
50
65
58
76
71
66
89
93
86
50
52
93
56
85
15
55
90
53
26
94
82
47
37
62
59
65
84
72
89
99
35
90
62
28
60
28
15
92
59
65
67
5
97
73
90
85
56
53
46
48
71
96
97
3
31
55
68
87
41
11
41
39
29
75
62
37
49
79
77
48
43
39
73
62
56
62
86
19
4
20
68
86
93
44
54
16
60
95
14
97
49
2
35
84
5
82
100
21
8
23
82
25
26
16
87
53
8
82
17
75
15
49
47
22
68
72
21
10
76
46
14
65
16
45
50
45
74
44
48
76
47
66
60
17
11
43
66
25
30
4
63
37
2
71
14
33
73
32
58
27
59
44
68
8
71
39
6
72
21
34
7
96
73
28
68
57
18
19
92
46
85
26
64
16
44
39
44
20
65
73
87
55
77
15
46
29
66
58
90
19
28
87
69
89
7
66
24
61
63
39
80
92
21
24
62
8
99
33
56
78
61
7
35
51
63
85
57
75
86
90
18
99
78
19
13
66
12
21
1
37
79
37
67
47
2
16
23
4
21
11
35
30
80
15
31
19
52
80
63
83
74
8
73
46
10
54
63
22
53
35
2
16
22
64
42
47
15
91
87
32
66
55
8
89
12
85
33
95
48
100
33
20
13
88
99
74
94
31
34
32
40
64
36
65
46
6
78
91
96
31
38
28
9
43
11
99
94
18
72
88
80
64
64
77
27
100
88
75
63
98
30
54
75
73
44
35
69
38
2
57
60
67
79
63
88
6
6
43
35
95
53
98
18
55
93
19
23
40
31
58
70
50
12
47
30
28
64
61
43
71
35
23
65
37
2
29
14
38
67
76
43
17
95
9
79
62
25
29
11
89
52
45
42
22
22
89
42
35
85
21
90
18
67
69
45
34
45
41
10
79
5
38
81
4
26
10
39
26
48
54
83
76
41
48
29
28
88
77
41
98
91
78
57
55
53
18
95
94
61
85
50
63
32
61
87
98
92
75
86
17
25
7
95
88
69
24
97
82
46
98
19
88
50
74
98
46
70
97
3
41
46
46
34
85
89
56
7
36
4
67
36
64
17
16
30
90
54
100
42
58
25
90
47
55
19
59
8
83
16
54
33
30
94
88
53
45
68
12
52
73
53
94
59
53
63
35
72
76
12
12
37
49
23
87
58
77
92
10
59
89
82
40
61
59
71
54
83
2
14
71
37
19
61
83
32
78
81
9
97
91
1
88
1
76
37
13
90
35
15
35
77
85
99
97
21
99
18
57
43
59
22
33
76
2
80
22
37
42
71
89
22
70
76
94
53
18
94
90
18
39
2
89
46
66
47
71
80
20
68
49
46
57
62
34
28
91
81
15
5
13
27
33
74
66
100
96
34
73
12
86
89
68
73
81
88
75
10
64
35
100
65
85
75
38
41
84
13
95
83
73
78
35
45
51
90
34
32
17
85
42
46
41
95
20
13
84
85
12
34
98
81
78
98
58
96
53
58
90
14
52
52
78
17
94
25
10
93
51
90
87
88
91
54
97
79
37
23
1
73
28
29
31
19
42
85
26
70
10
26
74
71
76
23
95
9
73
78
59
11
45
43
3
17
53
79
14
62
70
54
70
75
51
41
99
35
22
91
1
97
70
1
81
46
64
80
60
71
4
52
38
98
16
70
35
8
78
7
63
32
54
91
23
58
29
4
41
40
26
17
7
38
84
54
70
47
74
5
8
58
99
33
24
74
3
94
25
86
45
77
37
73
43
91
25
87
69
93
56
46
56
95
97
1
32
33
58
17
92
59
15
11
98
74
90
46
32
96
28
25
72
78
32
70
66
35
84
22
93
65
71
30
26
60
86
25
88
11
88
33
77
18
84
86
7
90
28
28
24
61
57
14
88
34
13
34
72
15
8
24
54
9
66
41
26
52
97
56
74
86
40
94
16
34
80
46
73
10
53
22
21
7
49
28
3
98
20
33
4
60
30
3
9
79
10
96
23
16
90
47
56
44
4
64
40
81
34
43
29
85
8
47
18
98
100
93
74
36
21
94
95
58
76
90
49
62
88
86
91
77
67
51
71
61
20
86
87
73
28
100
91
1
1
25
42
92
54
13
29
29
94
49
87
76
34
94
45
23
4
35
43
23
15
75
30
33
6
70
92
66
43
4
97
11
91
86
85
30
91
32
88
25
56
40
83
85
26
70
12
78
7
54
82
92
72
41
82
89
87
23
4
83
29
71
15
18
25
94
22
58
9
33
59
80
74
21
54
11
59
23
33
45
52
66
99
89
91
69
11
4
24
89
61
93
67
18
5
23
96
94
62
65
93
32
38
5
1  2  3  4  5  6  7  8  9  10  11  12  13  14  15  16  17  18  19  20  
