1000
104.913705
99.086919
94.944297
95.800077
95.776696
110.625102
103.708305
87.570891
103.165419
112.629208
93.365256
99.512120
113.705892
94.668775
92.967973
81.408370
97.384619
105.287138
80.810564
101.042758
103.476357
89.478991
103.609550
100.023697
109.381215
99.772466
87.989836
101.216821
103.688204
98.372087
85.877801
90.958718
93.239645
119.725024
86.354031
121.469965
106.571241
100.248485
100.832687
76.680457
119.187095
103.934186
99.032259
94.512467
105.236922
100.916051
113.872865
110.626642
94.448524
101.695248
100.908779
87.277604
92.903709
113.777851
111.830555
113.148556
94.686758
103.310403
101.563516
106.792571
110.720069
81.423092
107.878414
94.094142
108.853451
101.405204
93.660876
99.729880
98.304573
101.391218
99.971190
98.766628
85.411681
118.761015
105.590772
97.510863
105.548613
86.557807
93.703046
84.704473
98.548679
85.742846
87.448681
115.219719
102.199328
100.392682
84.789468
95.839067
106.782785
89.844475
99.380922
88.895867
107.013543
89.541737
95.816962
93.184595
106.738735
118.223846
109.754126
109.839552
108.284534
92.998410
95.619987
96.146046
85.437755
107.770731
110.341208
82.044926
104.302802
98.659366
99.759673
88.232063
82.515691
101.584918
102.289928
110.669616
99.132161
102.010602
98.541731
102.156952
97.717013
103.535038
91.393534
97.033528
100.111220
96.335588
91.197070
82.604894
83.716117
106.171060
100.520967
111.698513
103.734001
90.297561
114.477039
109.008969
85.475594
106.746851
95.614512
100.256996
104.104504
98.811756
107.347828
100.847161
116.121828
105.446045
98.113361
86.581371
93.832273
105.093547
121.002202
117.844057
98.807328
115.925013
104.772116
99.848627
105.573462
104.777218
96.369439
109.700541
91.906066
113.560698
111.863972
86.510686
92.777229
87.791019
96.922823
102.632904
97.138972
92.583091
101.327676
84.300830
100.748627
85.552585
100.011862
103.918429
103.019809
133.920957
85.916914
86.996875
90.744118
88.060870
121.794932
90.692648
102.043281
99.984366
112.801703
97.854684
104.637758
92.180676
101.597566
106.256016
95.931054
88.685997
90.074207
90.581270
82.060942
103.705524
91.319236
102.549313
96.322179
95.766289
89.055502
103.547308
109.028348
78.445377
122.314532
88.922012
109.155663
111.081213
95.673341
92.025866
100.895121
103.211427
102.737720
89.965120
103.200487
90.756807
96.282903
100.845406
100.598822
98.504479
105.284315
85.992506
104.275919
95.364733
98.134126
95.990576
87.598716
99.444784
109.783130
105.730491
99.766120
88.477932
100.641349
108.972643
96.383913
85.074439
98.088359
83.601326
106.244014
94.356760
86.923945
109.501464
93.126925
93.528522
97.284606
93.929947
90.202320
106.211220
99.673130
82.984458
100.288795
106.648773
94.281548
96.812261
103.017032
86.421368
110.597534
103.344881
113.511429
113.479596
98.047901
97.002344
95.919660
105.865942
71.994937
110.291589
125.409784
96.180598
94.827158
92.793793
110.679896
101.546863
100.671204
119.646897
109.544726
115.167903
87.402504
96.870665
89.310734
97.684359
81.129412
91.777839
119.535220
95.820897
85.607380
110.080637
94.017255
113.979875
91.510691
74.441213
119.496113
109.007554
92.653459
98.852936
92.167702
123.434997
123.462104
94.971147
88.003310
100.510052
99.482055
103.597825
101.648063
99.749985
110.120245
105.420912
101.638218
86.040136
93.010562
110.037467
90.823073
110.711756
79.150123
98.490509
99.475360
95.508943
112.788146
112.571258
92.808242
107.954369
112.736782
74.111433
100.969439
87.950066
117.256043
110.684983
97.850597
102.018777
107.823233
101.938526
106.372082
90.769306
92.638010
99.795129
91.021608
114.969968
111.274633
97.020456
97.432755
104.147371
94.693521
93.463398
113.151544
102.466476
129.126308
91.823964
94.235495
100.409133
113.680032
104.528458
102.959177
74.283937
93.843146
86.282015
96.841714
112.456876
103.920410
98.349840
105.276981
80.020171
107.706022
102.830332
105.222128
77.644475
95.647318
94.493581
86.608006
105.188412
85.305884
103.637433
87.419434
96.693479
88.698038
104.759100
110.090661
107.066464
101.499297
112.627601
94.587552
121.234437
106.593493
97.335141
100.740468
104.886462
104.641719
100.920794
100.642884
97.838598
98.255179
129.799171
110.016387
91.562188
75.599601
99.458456
94.720111
81.926059
91.987012
111.167919
103.004074
99.556483
110.829734
98.610124
88.664053
73.939676
88.314329
113.043600
96.290971
100.401663
83.243917
91.706343
115.108579
99.767832
103.530133
81.646449
101.668941
110.960250
88.690914
85.095035
102.223052
110.293862
102.297263
92.203592
96.075756
104.695092
113.067456
87.807469
107.354854
92.741161
120.654946
118.310748
97.344753
94.136332
102.546440
86.235827
98.384391
106.869865
88.874700
99.840499
92.284238
97.354474
104.488037
115.227419
89.601981
114.801408
90.350735
98.592104
107.817065
100.971433
103.748305
101.952806
110.362436
112.422648
95.737553
106.335505
95.984598
103.168041
89.663069
98.951010
116.628102
100.314177
97.580423
100.057606
100.437743
98.047977
83.086849
94.909580
71.843784
97.638963
101.520820
105.372056
72.196881
103.642832
98.269054
92.566052
86.259366
92.123389
86.546136
93.195268
101.742339
98.465884
99.596900
90.796300
85.495619
93.283693
87.666911
104.479697
122.489019
86.221534
89.179851
95.641423
97.232519
92.834436
96.501929
119.076955
104.840496
89.334595
106.227122
95.462151
97.898816
100.291007
96.986646
83.081274
106.784195
71.068176
97.754031
107.228838
104.711758
122.492602
94.469662
98.137720
101.414509
111.843037
99.402576
105.443621
98.613614
111.332717
92.256637
97.128945
107.990340
112.386420
107.580123
86.803205
125.114950
96.251537
116.464101
99.464599
105.670163
97.123291
90.479455
101.755653
92.997672
104.235802
97.294426
115.006848
106.145522
103.820277
116.417222
92.903154
104.696947
104.573627
112.213895
100.868877
82.676483
115.287493
95.934924
116.476821
109.290074
91.135066
117.733928
92.921600
97.152723
111.341930
106.931598
103.278530
93.252083
83.709483
105.693744
96.099975
112.677903
110.138560
99.484033
96.841289
123.982936
96.227569
96.319829
92.117803
104.113468
74.675899
73.361367
93.654629
110.979697
93.708493
110.934046
120.989622
112.591023
97.200859
80.954345
89.965830
100.508016
99.316021
81.469106
71.713083
90.374891
125.958680
84.686695
89.412552
87.030488
106.824926
98.985617
93.269621
117.179907
114.219579
105.164369
105.451676
95.530057
86.392136
94.940274
97.732250
113.496067
105.347194
101.394400
109.881689
103.692418
115.347887
106.032059
87.556785
85.777651
95.705436
99.986392
90.355022
116.090615
96.023055
95.951852
102.919044
87.281816
102.423772
102.903247
82.897019
88.932855
102.470420
101.075723
100.315202
94.335276
104.177035
110.998356
100.290443
98.989361
105.356352
95.360159
103.564072
88.363704
101.809109
97.702830
103.977833
114.324551
95.311335
91.099749
99.012874
94.875911
116.097933
105.900323
111.617143
115.228300
111.202456
81.930455
104.425342
91.767340
107.800357
95.562221
111.092411
94.231947
94.665542
102.875346
106.992323
109.070127
84.628305
111.963146
90.564035
115.343001
98.047400
94.892331
105.607604
107.119086
95.524776
103.056290
103.938709
106.611741
110.391574
107.720863
91.628843
114.461954
103.593876
104.130271
107.640496
98.366437
108.269146
96.684215
100.920807
99.834130
112.860478
83.580889
104.651614
100.198159
115.222458
99.150220
100.044207
85.730064
108.749722
112.822545
96.330800
105.107511
120.004522
100.253101
77.547805
106.573254
100.139313
85.160082
110.633935
91.395866
73.474199
100.407895
93.711688
93.228303
103.883336
95.917982
93.440214
106.744783
107.483429
111.830539
98.368282
106.621682
89.622226
79.718202
94.454116
103.139435
113.378989
100.174604
101.181184
92.343669
97.941214
112.532082
86.786554
97.017806
85.925898
96.337298
112.535561
119.718173
90.973129
99.331356
99.678527
87.439670
93.734518
80.727482
101.265493
89.441630
94.571764
95.043318
106.617173
114.261479
101.691321
91.575322
77.871343
92.099022
94.232208
109.738278
101.449981
102.553976
104.075776
97.102890
105.371335
93.654043
95.088191
105.941733
107.527223
104.236458
104.518184
90.076658
98.223576
102.236886
101.251506
106.960309
92.623851
82.472568
109.491381
102.285878
110.396660
89.968856
105.987780
121.599092
86.744067
117.752546
106.378002
113.668807
97.233208
82.568794
97.323663
84.318887
79.362983
110.970475
93.849252
103.857788
91.423911
104.000597
94.911919
98.744124
103.288619
108.155206
77.829165
92.487968
114.341851
87.999010
101.880303
98.317362
101.866513
94.488044
86.680080
91.569182
100.953397
90.300815
91.124194
89.719162
90.556710
98.290476
106.475252
84.600713
101.921432
83.184092
110.327289
119.466868
96.058262
88.774836
126.476451
93.063186
106.549662
121.437131
89.585162
108.436243
101.377043
89.703434
91.051436
114.400532
101.718791
96.777246
103.290155
114.227053
102.537234
108.421523
93.399403
94.675904
108.789367
89.551114
122.128775
111.056278
100.202597
104.745600
97.418829
107.206051
106.992346
105.364673
93.411099
103.158663
98.996181
89.395610
108.750217
111.495767
103.534018
101.239692
89.008470
100.574662
75.635600
95.211812
86.568337
97.679543
112.956526
102.004595
110.948471
88.175970
90.918201
108.519216
103.981326
110.736313
109.504768
94.942991
81.755598
109.944145
99.146507
90.974555
99.948427
88.067924
112.074912
115.337833
93.419498
101.939154
93.402657
101.463915
115.159978
86.065444
101.603471
90.935381
100.021289
100.883714
94.378522
110.248706
72.130021
97.759512
87.165036
92.573420
102.013113
124.835303
106.020108
88.984518
115.165637
77.901870
106.560833
96.594302
101.606340
100.503436
110.280596
100.965858
78.465652
93.301107
100.706426
92.608684
106.567632
103.123043
110.693819
93.247567
92.533872
92.986033
120.176555
83.916690
96.835849
107.466607
104.910897
100.551106
82.491711
84.002780
98.338075
104.977786
109.505759
83.629711
117.594950
93.021817
125.109397
103.131686
92.782946
110.300233
114.498467
91.645096
110.576271
104.294133
107.662973
91.277511
111.301326
90.445107
90.101881
113.232415
87.394070
100.512701
98.156827
89.276073
99.635865
111.476672
86.543509
85.689182
90.780264
88.689781
102.400995
105.458731
106.038082
117.630244
88.013505
108.635487
91.359699
95.278054
120.587255
100.137621
92.258197
111.422245
99.247354
95.418856
108.415997
105.968704
78.676234
85.854233
95.232621
103.098831
109.306128
104.400825
92.342979
95.872925
113.038972
104.845992
94.823434
83.785940
110.072081
101.019767
93.554324
100.547979
109.897120
110.111225
108.738786
100.294100
91.371203
106.678608
105.158054
99.380698
106.469333
101.572492
76.258835
89.882121
97.765522
108.791368
98.433744
83.097333
96.430621
99.803745
115.697887
