1000
94.275868
105.015087
113.855860
100.954981
87.177419
107.103106
86.395724
103.392511
114.129918
106.373649
100.345359
108.943669
104.300556
107.180090
122.535383
95.619663
93.720387
103.868984
101.521185
84.438951
97.507584
93.600195
99.473157
86.420559
97.465881
77.790117
109.698746
82.291350
99.860056
87.123279
94.873074
99.664536
105.023322
96.136272
103.848126
80.304877
105.788358
104.297214
93.067669
112.248097
119.089812
104.167349
111.737807
79.597375
95.634577
84.493260
107.964774
126.766915
108.588885
90.176483
86.086583
108.290758
86.169809
99.003213
105.511552
102.786905
118.342866
113.880363
95.639498
92.166885
112.696812
79.658331
107.711819
95.745252
113.005931
86.743425
112.301042
104.106138
89.774043
105.822507
106.513548
104.741718
98.826264
83.578586
102.855460
89.493236
92.712009
100.251786
100.453704
106.559617
92.362859
102.052556
94.425192
106.194180
90.598059
107.197608
75.185452
96.447614
101.697163
99.538742
100.559871
82.494613
97.191976
110.651645
98.569204
98.736246
107.617037
105.317863
100.054282
102.838153
105.767063
103.028523
91.826786
93.994278
105.125352
96.886731
88.721390
95.281280
96.606681
111.333646
100.825440
104.969001
105.956998
103.198387
84.173711
114.492597
109.229822
91.920600
102.323174
96.564845
80.784612
112.498232
90.478331
85.949333
98.672166
99.761958
96.126027
89.719257
90.443319
98.387259
108.955873
93.729552
105.131816
90.888959
110.701936
100.715894
93.972052
90.138189
98.069504
118.813333
98.161852
98.372320
107.240843
107.425989
94.458928
115.028488
87.717212
94.723314
113.687471
87.160210
96.683053
93.774671
105.242686
76.850764
94.625888
87.473745
95.807463
84.830934
117.237201
100.954303
121.985166
109.607225
99.301731
107.316172
97.178337
105.788461
98.022255
111.166353
90.897541
94.216231
104.644911
104.884269
87.152311
104.658575
88.406443
81.408550
91.885417
111.546605
95.107808
109.841602
91.484519
105.851131
102.507320
94.886570
115.130397
116.727940
99.560033
96.521199
114.664133
98.004952
81.332261
99.830843
101.823748
105.679784
103.482629
113.870472
100.077785
92.249210
90.854357
85.908104
98.613165
109.441484
104.410297
101.756859
107.194711
107.252394
86.553658
88.428306
104.824598
90.976168
95.643025
122.649324
92.471282
95.177020
99.573939
105.605257
79.610314
101.919355
99.926485
113.580755
101.667231
111.450620
113.397437
87.678812
101.591148
96.394397
88.469214
98.319563
77.135661
117.642459
118.127702
115.049470
99.567571
80.331437
101.094842
99.765162
108.038492
83.691538
92.528984
98.535204
109.864966
107.774182
104.765800
106.777732
113.841456
116.201765
115.759632
104.744608
85.206031
93.709691
116.803140
82.376110
93.351595
108.039477
105.519782
94.901981
93.787831
84.842003
91.497136
99.755627
113.261382
101.672232
95.158655
103.074769
89.134201
100.366606
93.269027
86.674261
85.227008
85.150857
94.705397
95.050389
117.902859
98.617434
111.320098
127.259083
107.131015
119.895708
121.252653
103.497361
94.049189
112.286745
102.898447
94.259521
106.316091
93.572315
106.280841
95.409187
100.744999
106.987610
91.196673
105.500375
94.671403
103.066553
88.982896
98.022395
99.644107
106.149993
104.965962
112.125888
102.263926
99.431144
97.271728
106.224584
94.134937
100.713005
103.845056
97.195587
88.629601
97.026639
99.373709
93.469876
106.297877
87.564011
96.201859
107.180632
95.652024
103.778983
95.491533
93.556192
74.221355
95.975279
86.566291
95.348081
86.941106
82.900022
84.550200
92.341086
117.207330
99.135764
112.817689
104.160798
94.330415
92.051781
106.256443
108.416271
99.684229
115.585033
90.667094
97.365863
92.271172
97.457644
110.222347
103.656426
98.456273
107.222464
100.556141
99.178794
102.805576
115.514764
106.044751
122.894106
103.789527
93.449304
112.416471
102.437129
90.288089
95.151283
104.488784
86.138289
92.512312
92.873690
95.493605
103.904922
111.692843
113.922392
107.191830
112.442650
106.225140
93.756934
100.678950
98.644787
92.917054
93.949098
121.653106
99.296297
93.629201
99.037411
100.132505
109.039475
90.447581
99.207256
96.894667
102.472066
107.366609
83.842425
99.244026
116.707932
93.863473
104.207946
109.996012
112.868954
130.298305
93.744204
84.147317
100.719445
99.284809
71.382699
105.615629
81.463491
84.548463
114.123594
96.755576
103.031749
88.086195
112.060984
108.254802
97.156905
102.844846
95.717536
97.689085
94.038881
89.461403
110.205675
105.095263
98.457486
101.774079
106.607645
97.555552
95.460991
89.984046
86.950545
99.639131
92.163203
104.319239
101.906491
107.579443
91.375195
101.318012
72.447518
114.031729
103.896811
111.354659
103.864757
87.414676
91.963845
102.002656
75.241713
93.523177
93.221744
90.531494
111.566830
92.674835
105.154121
90.520558
71.268245
99.754203
95.450935
100.542879
108.435478
112.416625
95.571236
86.121483
101.803848
83.565236
105.150529
121.804653
105.595570
101.172487
100.588523
88.420441
101.889127
122.422013
91.355989
102.734185
98.517354
91.381825
114.277095
107.477250
115.607419
102.619723
102.156209
89.964680
114.689305
89.229167
117.170626
98.399101
95.281408
99.619657
105.928928
98.476399
88.768865
119.676581
90.836893
95.088804
99.596964
112.348391
87.551065
84.714008
89.649125
103.903094
109.577278
118.684585
108.509302
115.603032
89.982601
78.133795
107.719929
105.307752
98.452056
91.253416
83.124601
109.973323
97.108133
93.524255
106.562113
110.815385
98.448516
90.296552
97.407866
92.916401
96.508086
90.250187
88.152144
97.375819
111.574071
100.677092
95.500907
102.506436
94.359743
110.573647
90.499275
99.691027
102.188476
99.537998
90.248809
108.634967
101.965370
97.682273
113.466737
81.998367
103.777376
89.181967
106.345448
113.841190
99.166107
103.489137
108.909778
100.220467
91.421102
97.994716
111.646706
91.610489
112.242990
95.945791
105.426385
90.973691
109.863140
105.880173
109.717260
86.783094
102.394496
104.071649
92.816978
83.627407
117.993951
108.150871
109.535706
103.766797
93.334018
106.034429
114.167600
88.674981
112.994953
106.988045
88.199753
87.392362
98.070226
103.778307
102.501606
104.346556
86.360849
101.237030
118.621076
100.902494
97.026654
107.172527
104.998636
104.026870
86.826834
122.801859
103.608667
91.052823
101.333708
96.800611
94.956438
102.818781
103.572866
95.910053
98.194719
99.780676
85.421083
96.383652
101.228679
97.609338
98.792154
94.568572
109.796387
93.337999
105.765037
112.602618
80.137786
86.470091
111.025515
96.705249
93.438262
81.603743
70.429334
99.075696
113.185628
101.181229
99.922117
100.850223
93.280319
85.916425
103.390664
102.339362
118.993612
81.178107
92.446858
86.882097
92.200829
98.865548
107.043751
97.183792
111.729180
96.671253
89.704901
92.241599
117.553248
90.866296
107.482228
110.956923
92.005286
99.613734
101.297057
101.890126
94.718945
102.003078
100.724636
93.919427
89.050461
101.279461
111.268690
79.209780
96.105125
86.118129
96.438952
112.492727
100.546084
106.918517
108.190527
107.940322
92.330188
102.969526
88.490421
98.914937
99.276560
107.587273
81.092875
79.224614
102.579805
119.050880
101.425862
93.077902
112.489757
94.837805
93.904726
86.637040
105.928962
103.093141
101.524202
91.692071
106.143887
123.610752
105.296823
102.236508
95.343630
80.299676
99.195427
103.430576
105.219970
100.108020
118.714126
130.439254
114.536112
92.113024
97.256149
105.177227
109.941268
110.393319
102.423450
103.879974
101.700317
104.393577
128.025656
109.021889
105.262539
104.809863
99.756920
99.961550
86.566175
99.802670
87.623797
115.105996
94.582302
92.488092
86.891103
107.570544
99.906575
101.611413
104.845611
81.209698
110.844230
100.398500
113.492552
102.181287
100.187055
107.987990
87.628861
104.969375
111.152066
99.258463
106.006500
109.601869
99.778077
91.296228
111.311056
112.470793
102.316291
108.734683
102.218992
95.908436
86.765496
86.430992
94.858149
97.723786
110.206558
103.768387
114.498558
107.095340
120.858549
77.056275
123.141762
98.173920
100.993283
112.997399
94.751147
94.191984
100.619430
101.826731
102.037062
110.254219
102.231504
95.732000
89.339793
111.560491
104.331117
108.750842
112.855636
97.685425
86.066591
94.689401
102.835641
106.194664
105.337540
100.325670
82.694269
110.388069
86.267282
109.748659
102.827690
88.532271
113.055747
89.447459
111.113070
98.230056
103.770207
102.062168
92.498104
99.870746
93.811623
85.235677
97.069026
104.698767
82.753683
95.146806
96.196157
102.645959
108.636610
113.307034
105.787556
83.058385
90.697723
95.913915
102.370097
88.941348
102.342922
94.003109
97.804059
94.042781
100.569410
101.659212
106.448187
92.904029
115.802458
99.632093
94.440499
98.057198
77.048045
84.980432
110.274238
112.003866
105.621281
100.216794
104.552783
106.788710
88.227829
103.911079
87.374496
103.880706
97.099736
100.105648
88.522094
103.041948
114.904803
95.531101
85.528067
106.686597
86.767672
91.840853
102.657568
99.691791
84.077305
110.327611
97.770311
107.104637
100.333829
94.962082
101.965529
101.657175
114.213163
95.832628
107.330817
85.198767
105.201387
84.779402
92.253515
92.391669
96.224050
84.956158
99.556360
107.324659
99.823719
103.806899
93.058083
107.230516
96.155924
100.494719
91.843950
109.182662
100.948526
97.837729
103.797108
107.472990
84.570304
87.621854
105.861714
112.349549
107.001034
119.202356
87.047375
102.665134
85.145174
109.685781
78.783953
96.044997
96.940744
94.788709
118.554705
92.965678
104.132865
106.707458
104.242681
87.968651
105.977605
113.052361
106.459662
88.663196
98.312560
115.806260
87.922064
84.554164
93.835419
96.248446
108.783610
103.031276
109.122196
99.903399
99.963549
97.147811
99.767711
108.436603
96.131640
104.661433
81.059976
94.838029
107.526202
107.524978
98.862081
84.170135
84.326857
97.218079
67.059995
70.678604
99.089504
107.359026
88.723314
105.389872
98.505806
96.517219
87.293367
92.450334
90.281114
106.715371
103.335857
105.005638
104.286399
98.117097
100.093223
92.006673
85.615916
95.267980
90.588370
100.236278
117.702374
113.999185
114.395227
99.469977
100.450107
103.531090
116.818284
95.246452
96.431335
116.220348
99.664743
123.509562
113.393519
101.283639
103.968042
112.951103
100.372398
98.529336
97.500151
94.885895
95.212169
97.365830
109.134345
106.735862
105.338632
99.847555
92.174384
111.276574
90.363935
97.367705
102.359847
99.863583
97.742711
108.305472
95.977550
107.027441
92.768006
104.369122
114.697862
102.166174
112.486942
91.868316
102.458897
89.769737
90.294254
98.179200
91.398055
83.043878
111.680755
77.723417
94.565283
98.710933
115.079457
88.280723
104.756797
86.927406
105.487608
98.825523
95.599429
109.542565
122.581351
98.141588
115.687784
91.658204
91.684412
