1000
93.229824
97.776631
94.009883
96.987033
105.529020
105.257092
112.110376
98.172384
110.115359
113.805056
113.416753
98.649199
87.359593
95.938235
107.630816
99.418966
76.547435
103.394828
97.920206
103.050185
95.823300
119.026368
84.099005
93.472103
93.954475
90.523103
108.273048
94.053049
115.972748
93.297760
108.982317
107.004189
110.894762
118.795098
112.253072
85.275706
67.515538
91.005429
103.222885
80.256569
85.454934
83.691276
97.475961
115.542606
112.754038
92.070585
105.758006
94.156283
122.685139
109.643978
93.563596
92.265571
126.926206
104.898942
114.380732
106.271293
101.774335
88.555113
90.240397
100.590671
84.600590
104.347713
88.473412
112.436469
108.033924
96.414424
93.625659
104.387525
116.919236
89.839919
121.153147
113.795552
98.754492
124.239014
106.916522
101.854796
111.767229
84.743323
118.888681
87.008486
104.874938
116.409881
86.327400
85.423766
97.799050
92.645996
117.193700
83.071285
92.731217
96.736508
118.297758
106.322780
110.775422
100.923190
99.372893
90.083922
102.061393
100.207384
103.863199
92.752773
99.599636
92.947601
98.924257
108.191176
98.121801
111.131833
100.552179
100.054757
89.475906
105.583963
100.362759
101.098434
98.485710
87.829062
92.883173
95.726387
103.642347
100.754373
97.260495
82.102145
86.500857
76.507582
103.553107
97.075435
93.882882
113.759244
110.105726
105.555426
111.458150
109.481780
94.876490
90.868776
102.323814
105.201905
95.719621
95.744027
89.385898
105.915178
120.371960
102.041515
80.110794
96.279666
97.221769
93.699193
110.636916
98.424178
90.549253
104.079638
105.999080
88.962415
80.009108
108.804311
108.525076
100.977919
87.009072
99.486111
122.112575
113.019538
98.180898
116.314871
94.953303
90.142380
102.573166
76.265796
98.866170
109.743960
106.538414
95.248555
104.981796
107.231817
93.757881
116.892137
75.389652
106.876475
100.558947
91.067742
95.353546
113.611014
89.063867
91.066405
92.937434
105.753197
112.604127
115.181212
95.465441
90.920532
86.716464
98.114613
101.218666
87.601472
107.276388
98.445798
100.381958
102.849843
91.252345
95.952996
86.383574
89.608451
90.785007
95.138747
87.093710
115.152573
101.008396
95.443308
97.708747
94.139256
130.434751
93.863124
91.477640
90.065361
92.574055
119.411131
98.968041
102.588176
95.431356
89.858490
106.767665
93.366880
95.624050
97.305105
96.228919
84.491302
82.467875
103.969886
119.154389
106.473303
102.312908
103.606133
105.836372
104.289122
86.067732
92.706968
91.459938
110.457883
90.356473
119.136334
99.139303
90.547970
97.545352
102.803734
100.060048
107.707619
105.779331
96.967812
100.638988
102.352269
101.680028
112.611724
103.438807
76.767291
86.020753
104.993034
109.396968
101.172617
99.306881
100.462356
109.774263
107.513893
82.379921
99.982627
108.292982
110.998778
103.377543
101.441018
108.509308
94.139547
99.610409
108.832253
115.934792
92.103149
85.621639
102.398501
92.545311
86.121823
106.965102
94.000867
112.295598
87.280211
112.788989
72.772055
110.361088
116.200798
78.002839
107.494012
107.434678
106.557910
88.774987
77.620382
89.744150
108.110862
88.703353
106.362285
93.463233
84.274854
89.767533
87.048087
100.984694
102.374394
101.687565
102.440540
93.996292
98.788597
95.031740
104.371517
99.106513
100.186604
100.818606
92.235685
110.135177
79.086764
95.877139
75.785452
79.264164
113.420602
103.297693
101.488032
100.279508
98.475619
84.990182
92.218838
115.881787
104.244511
103.940355
83.209818
94.713613
111.186717
93.882972
91.949078
89.642720
117.936433
100.545662
92.142930
94.320931
77.127256
90.617312
99.842230
95.677136
96.659365
91.714841
80.280549
80.320103
92.019781
82.763813
106.645200
101.647324
88.681120
141.631043
98.951517
102.119704
96.147168
95.015850
94.238368
85.972354
84.677225
94.872004
92.702750
105.918792
95.773488
102.353652
101.742097
82.419875
104.055832
118.106027
101.264742
97.999130
78.069601
110.704089
97.378607
105.359235
100.800442
103.692955
112.906132
98.949748
94.774840
101.321827
89.238636
100.710254
104.461431
106.429839
89.618154
102.383881
112.343927
89.011503
89.711217
108.883914
82.261771
100.436226
91.555758
109.981696
105.892110
104.208911
86.860105
95.690003
95.165406
93.665238
91.257393
102.892904
103.670503
93.474533
95.144670
116.044115
101.047544
97.095100
109.879032
83.116908
109.758428
110.542469
107.094467
110.502316
103.931233
113.879785
94.655607
117.588548
83.506614
114.143236
98.957014
105.777785
109.498447
104.468610
81.991189
125.061745
92.601318
109.046439
98.394254
83.187211
97.481229
91.349610
101.320494
112.321950
111.536065
112.584315
107.822875
108.109846
92.899505
91.077055
109.957931
81.321714
97.547017
104.585429
97.081685
111.089270
108.079937
75.537600
79.997884
85.303949
100.322436
85.121885
93.504841
107.302117
107.279718
115.051277
97.514984
89.024212
118.397697
107.832230
112.885575
107.743945
94.644572
105.313837
93.939580
96.511492
102.641211
97.425456
111.699046
101.562392
105.204108
99.012838
106.321001
112.233540
94.967369
94.728957
106.842657
101.757040
101.999715
100.795392
116.613305
86.620463
95.532723
91.843097
97.122989
95.950392
111.605448
112.570739
96.702913
108.172670
105.791795
88.668237
76.804296
115.115705
116.852869
103.194072
90.584842
106.854555
103.077443
92.552314
88.582852
94.857667
119.147828
95.571542
93.499600
116.015069
107.760451
102.132942
95.238708
103.012818
97.642761
91.386496
107.072945
108.825838
109.850587
93.769995
94.183284
106.996861
92.451908
94.412610
83.945464
104.891956
109.289964
94.878910
101.399178
121.502545
93.201829
94.423101
103.216848
97.244239
99.502153
100.904790
90.572983
119.716581
90.977499
85.486375
111.249343
78.279469
107.804878
100.315232
99.506302
86.548763
98.734658
109.678606
95.380658
96.302379
109.937022
108.985141
93.060511
109.007836
105.809054
96.588336
87.555494
125.065013
114.240034
91.341528
113.089026
94.470720
95.962502
104.825357
105.157225
97.290473
110.070305
101.029293
95.361408
116.372145
99.211472
105.156837
92.486140
107.277213
96.356917
104.464518
91.210208
97.284555
105.205721
96.756982
100.622462
103.319239
85.932535
95.700659
100.751775
104.114562
89.980113
95.671371
98.070228
110.774606
80.947993
92.422119
109.127575
90.621166
85.302487
99.129318
102.794800
109.200172
114.883803
95.710013
90.336372
106.726125
127.502820
111.225745
110.801084
113.687062
98.168963
105.022378
92.806627
97.373099
113.518816
107.217109
101.057985
116.773482
118.922668
89.982102
100.278914
73.587614
87.998542
111.985784
122.695100
92.861613
104.581919
103.493686
78.753380
100.832966
95.568756
103.118512
101.964144
102.278987
74.011507
98.651178
87.627697
105.287898
90.994565
105.650166
107.429558
87.676521
90.238695
104.634283
109.981620
79.668729
84.255682
98.963674
93.335596
87.472072
115.469798
100.906689
85.344955
111.059684
108.782068
102.289635
77.141211
100.065124
89.336909
96.577214
112.701433
95.270942
100.407306
94.399208
103.396287
121.056207
107.923284
100.977511
118.751179
100.986726
118.030538
105.455244
98.560655
104.709283
88.580255
98.889991
80.686994
110.586320
111.345348
111.960238
99.666629
104.908916
94.760267
97.095865
84.604068
95.699099
100.249909
108.415060
96.354536
95.341581
119.703812
87.550375
103.855559
95.168194
110.856258
98.957289
93.923674
100.400115
99.580983
102.728473
95.364931
105.736950
104.919741
100.463275
97.876895
107.973650
121.429193
107.653933
82.178653
105.211794
110.803191
108.947836
109.001948
103.895028
92.270206
111.064809
91.999494
101.773494
109.808347
87.205250
105.155375
96.669706
104.862460
92.520343
97.762628
103.965533
112.861286
88.062368
116.012379
102.843023
100.543225
102.466738
99.098360
105.846224
95.993321
99.018724
87.724702
106.800340
103.939215
105.366098
94.190708
105.920977
90.039711
112.739127
86.908550
88.561474
90.762281
88.382911
106.935188
86.844849
109.406554
95.758525
88.279882
108.680887
91.241400
100.305908
95.659816
81.850342
98.643788
102.137121
109.461674
96.361885
108.705936
92.776046
89.464480
100.425940
113.442781
85.091633
102.330955
95.105731
94.965340
102.892748
107.871372
99.584112
81.912423
90.786947
96.216276
90.660032
105.707134
92.970964
87.100240
82.652411
106.034364
87.875368
84.416441
107.095589
95.922365
105.613538
97.596955
112.111170
107.961897
100.789631
114.485041
109.560735
94.046318
107.853975
82.166492
106.081145
90.254665
72.570292
106.534800
80.487362
104.760182
101.564355
100.363243
104.116822
121.820684
104.846538
88.253850
94.608203
91.759132
99.005956
107.552119
89.472458
96.964424
103.064396
97.498066
106.273096
107.380820
102.015914
101.772476
81.610992
107.590766
101.893748
92.366723
101.071903
98.629703
94.773617
115.418183
87.223568
111.566219
119.919125
135.601185
96.568748
83.048376
77.412372
88.750106
99.289190
86.952975
119.831607
101.692415
108.241580
101.958630
93.919435
114.845710
98.941597
104.093746
106.205039
106.395117
112.939838
94.461265
96.185157
90.775509
97.716049
96.412379
110.036867
110.500818
91.735224
101.599435
107.013876
101.426079
101.214015
93.084644
85.767009
92.233189
92.100097
91.506042
95.917822
93.371865
95.843687
101.293178
109.268227
118.310542
105.016623
78.823514
111.819940
99.443385
102.508736
90.318720
98.241628
89.943480
97.154723
89.928435
118.216106
91.138294
108.383875
88.305200
90.202131
125.765203
105.565722
93.790081
95.503793
94.180960
116.719358
112.587234
99.667852
90.722897
97.999203
99.331461
98.587876
107.013137
91.779453
91.061010
95.965661
113.026655
89.258480
102.602585
103.738499
112.565894
120.065919
101.828108
110.279399
105.051670
109.429302
78.595487
106.123670
92.655402
89.504586
101.681148
106.209634
117.328429
106.719380
85.255837
102.953588
95.817057
98.619188
94.689645
94.909090
104.464805
90.943528
87.098386
105.563211
95.495412
89.030699
100.241266
89.474380
91.101498
96.706619
94.043278
100.356097
88.228611
106.039052
102.787213
92.724996
89.595152
104.704187
90.353193
90.478655
106.288792
93.266505
94.302569
100.765996
100.789156
85.777944
91.068990
98.982022
85.726567
110.889589
112.498620
104.414611
96.951299
105.837906
91.409196
101.562104
95.030222
101.108271
106.900340
88.991989
86.028817
101.598760
87.060098
89.823259
104.322564
101.801826
104.917721
86.586469
97.515840
99.894088
88.951845
99.702813
78.605257
86.570739
84.754026
108.032699
114.063874
101.878596
72.967366
88.792214
116.264774
106.807115
122.218893
76.859367
94.812873
108.723402
92.252284
100.886741
98.683676
118.965586
107.729374
105.614489
97.289204
97.849118
117.932148
101.719038
93.923662
109.092309
115.607405
99.976763
101.769197
114.567605
104.453004
80.940790
96.681466
