1000
97.086325
105.333280
105.985655
93.249421
108.005175
129.015917
102.786985
89.752896
106.794784
110.100849
99.254529
96.306209
87.254058
85.019442
96.355893
86.694121
92.333598
103.056196
104.052343
101.520099
106.752641
98.637291
97.064090
97.692153
95.227308
97.139633
88.658809
89.485980
100.050227
94.019983
93.202385
105.849237
95.094459
87.013722
106.093171
88.154503
93.318051
100.706578
110.629742
100.440189
100.375322
113.828192
94.840545
104.765867
105.160958
101.828372
95.891874
94.973747
98.004049
112.744993
94.678126
96.760332
109.088705
104.269830
101.919150
85.159233
91.354552
105.222274
94.062129
111.448914
78.346684
113.852281
101.094735
106.057426
97.869113
100.516003
107.057614
87.941988
102.442348
111.577461
112.242216
106.169176
99.559846
86.408533
99.653951
113.089128
112.979231
108.410560
102.755914
84.400786
83.907744
90.590799
90.699225
105.760234
105.546225
99.643319
95.870691
106.193490
124.038923
106.284635
102.718904
91.293596
84.307819
90.395586
87.493472
85.122855
116.123437
108.064524
104.515241
111.192627
95.736695
103.001710
100.092808
105.726247
96.069633
85.947641
102.977883
102.391692
83.312060
100.571647
114.724237
98.824064
111.398251
92.500379
92.166780
89.051446
95.464279
101.892823
96.130907
105.405420
86.451634
101.512519
97.991559
106.796265
124.313434
117.780517
104.928100
97.119881
87.230244
99.102209
83.824585
102.152482
89.914824
95.012284
106.591675
93.421548
96.671965
110.679256
95.149102
85.027053
97.613083
94.358764
84.800106
100.334190
115.713816
118.474803
99.740080
101.398770
109.354156
103.422937
103.605591
101.849750
93.966141
98.373434
111.947426
88.448292
102.226454
99.999364
89.555314
98.227569
101.029316
113.020477
83.201082
103.122804
105.342988
108.072698
99.633595
93.384867
106.032618
103.247431
116.612289
93.208603
92.105301
99.128558
92.291925
102.137440
95.965738
97.310758
95.082774
83.951534
115.199167
101.736479
110.588421
98.559894
95.801138
105.608612
112.963797
105.899388
101.374302
106.511736
112.229781
70.777329
103.438224
95.274672
98.974959
109.213036
103.305387
114.859932
95.851338
107.738238
94.606434
76.679863
108.351496
88.953543
85.268648
102.691572
102.261499
104.731068
104.750596
88.783632
101.387680
91.526909
91.990151
110.016601
79.170835
99.500289
87.900692
82.025836
103.352955
104.591250
82.950189
92.838188
96.216706
88.405803
99.164850
107.307003
105.762811
88.208124
90.581023
108.798623
89.245099
90.086151
92.808868
111.324366
77.468426
92.279500
102.276445
98.158349
97.664977
100.984710
110.504636
101.278000
103.788564
85.853685
106.925519
127.537517
94.904128
92.540409
84.694146
97.755400
97.247730
97.270954
102.100101
105.705797
103.633610
110.464311
106.375339
103.953950
81.151370
106.821095
111.674517
106.390082
114.140652
93.879501
110.106232
111.104594
113.655278
108.287403
85.458919
114.748477
96.702213
103.438744
94.370167
101.696519
94.313875
86.767552
115.554377
95.450453
95.684376
99.929133
113.037496
103.788472
119.008422
85.160962
91.792045
102.423825
91.846832
89.015822
108.767274
98.665598
115.394687
106.669140
95.963152
105.607118
89.305004
94.335383
83.834462
100.360994
106.498014
85.969926
112.150345
99.110283
98.449008
109.757057
100.838733
103.982748
94.694231
100.230649
104.579704
111.918298
89.417560
103.597898
94.535295
107.499082
113.110329
94.947324
106.316744
88.106089
95.632582
91.467978
109.708880
117.016968
96.858339
109.817896
106.757385
111.331984
95.843999
90.387944
110.309888
110.187908
104.546302
86.991811
110.018295
113.168862
105.086805
92.301909
132.548784
105.184901
97.385421
102.393579
99.201992
92.695711
98.920196
88.568466
97.967680
80.335526
93.005081
99.455561
102.945285
101.910485
107.623867
102.629421
93.115171
108.540706
95.601320
97.381812
95.084358
109.155493
120.709309
108.868007
102.197565
108.482613
101.039536
94.809318
118.299631
97.742073
123.120205
98.479810
98.480612
90.342078
103.134206
88.590634
88.715882
97.691226
98.527297
82.377431
101.198422
105.114274
99.581752
113.340954
109.414518
102.655844
102.266187
94.247822
97.361340
86.759485
97.626759
94.657928
107.709307
121.289982
101.575645
109.331953
97.758775
105.543353
96.978337
103.614832
96.890005
99.261782
104.773468
111.038753
95.993041
94.719491
101.209642
92.169434
106.177555
104.423475
96.573109
85.399183
91.628330
104.800551
100.991182
79.226366
102.722326
94.451739
88.643844
91.247288
98.685372
95.608142
103.545148
94.932111
108.482727
79.777575
112.735380
90.205396
85.167519
119.933036
90.026799
103.711869
98.463866
105.594369
91.590041
97.289594
112.247566
96.625881
102.030148
87.857089
84.540121
93.557813
77.203827
109.821880
94.238825
96.504078
105.689893
95.506414
110.172662
116.891520
102.765427
89.129240
96.511754
90.828756
93.933122
93.861109
89.530266
102.170530
98.216605
104.125099
86.308562
96.953554
98.399453
93.752097
133.530083
95.470706
92.720707
93.646472
99.222527
91.384557
96.441895
101.537420
112.261891
100.872590
110.646574
86.042400
97.422736
98.135314
108.666144
115.788048
115.141793
112.769014
91.169936
95.257853
102.702852
85.851769
106.619694
93.298561
92.694125
86.600795
92.505550
106.860156
102.522749
98.804798
93.218326
117.896600
117.125616
110.754781
83.187132
121.491459
86.661267
119.783048
93.862327
92.394154
96.980563
99.895769
113.801000
80.218572
104.416337
96.977527
98.109114
103.923282
100.098819
94.553223
106.996136
94.604555
77.836604
98.722128
95.790722
113.791421
103.862194
97.245814
83.608267
94.901174
118.551068
95.192794
92.515518
93.451923
97.581484
103.158653
105.308519
102.602416
91.935733
99.568712
96.326634
104.974769
89.239215
115.034977
107.984151
105.224921
89.481423
86.748245
105.692693
86.925303
105.470990
101.981099
99.122265
88.201336
103.197270
92.280349
88.748051
94.336284
99.758885
89.015264
112.110482
93.040885
103.709134
108.225197
84.795679
114.944473
100.168983
90.887653
79.882462
102.480829
102.242518
104.233295
98.703847
95.818119
93.857132
91.164621
89.684515
98.380200
96.332061
89.617800
110.802904
105.135983
110.640350
112.908936
101.752630
97.670899
115.951874
97.841656
112.157828
106.583836
97.789421
98.526578
89.446381
92.109328
99.350591
79.862889
93.281083
101.255447
100.705690
82.652349
75.549402
71.144204
105.603137
105.814094
94.441183
89.563972
98.628034
93.678960
107.157834
93.008979
107.319352
95.553380
95.698401
107.566462
100.899604
118.263368
104.176054
96.877280
114.685825
106.254508
105.212962
96.357011
116.117734
103.586274
104.931119
108.987384
95.002585
106.439452
79.302157
101.329651
90.254044
89.665000
101.534286
101.310424
84.143213
102.496357
106.157964
92.027137
90.111846
97.333025
108.187496
98.878087
116.834692
106.051584
104.492561
93.024218
100.262300
128.008242
103.552128
113.038242
109.339760
110.028733
76.738047
98.556582
118.813725
91.441229
112.243933
77.033013
105.959880
100.370099
107.413871
101.743450
100.783330
86.737021
103.690158
104.829006
101.235233
103.425789
113.233858
102.288332
118.771531
110.649859
121.475203
104.149970
119.092062
108.719470
97.662320
99.396627
118.382813
96.196405
95.186991
99.941689
99.608700
102.538080
104.703835
107.316495
93.316445
85.530445
97.616253
97.191370
97.493106
96.420969
97.335043
92.967971
85.330359
85.015266
86.210833
111.102926
108.931463
99.466009
86.586144
89.867091
100.454440
119.906026
113.577340
111.580023
98.604282
104.814109
92.488446
91.568866
111.092657
112.133129
94.400007
109.535433
103.356426
96.807188
89.935934
102.281736
95.765353
92.735476
108.539696
109.345707
88.910703
97.008448
101.207761
103.940078
110.265166
102.225361
107.988268
108.078122
92.600232
102.541792
90.771195
100.260189
103.017427
102.437892
105.468154
91.492811
93.080658
109.829295
108.284327
92.852130
108.688746
106.659032
101.551923
100.542626
98.125844
90.092520
101.483244
103.389666
92.625596
101.997395
109.108357
114.655459
107.610654
88.798174
98.558636
104.652656
93.942600
112.954503
110.178605
101.219055
107.641800
101.083248
102.078457
96.331697
110.701833
98.639937
100.001001
105.345909
100.089457
101.039602
98.345982
96.362624
93.878636
97.234207
98.801143
113.776245
106.421523
99.854294
114.287726
96.557046
92.023490
91.944953
101.785348
123.292458
108.011289
101.104713
87.350175
90.574316
91.650153
109.066826
103.409988
88.120768
96.778706
100.027124
92.204094
120.143228
109.764404
107.674054
111.214340
105.171241
90.064341
90.702260
83.691541
96.169781
99.989899
90.744886
105.731644
97.731844
100.298078
103.361239
85.495745
103.622786
90.733536
94.469086
91.555968
79.672871
86.533041
99.724641
88.663149
113.605919
106.309427
95.700674
87.289928
112.948566
108.656386
95.343940
103.888832
85.196686
74.251149
85.403201
93.741997
106.936462
108.506590
104.396233
95.816096
109.121850
121.161520
98.081973
95.427331
103.746241
110.629147
113.896520
110.021728
105.756543
100.234093
91.250707
92.283142
95.985564
108.215167
87.926249
106.793215
101.297100
102.778320
92.386692
105.230735
110.109347
92.706398
97.099850
105.928364
91.035259
89.622731
105.089085
92.992840
97.425590
89.852193
114.329970
93.324039
91.175858
80.750927
111.491816
98.521328
108.018622
107.597563
94.127042
95.395685
105.526009
78.251709
98.962612
104.428889
81.438626
85.299312
83.417332
89.246368
88.301686
102.150168
113.738376
89.293689
83.990823
91.791685
93.800636
107.412756
77.723625
79.683610
115.235357
103.458405
101.068722
118.986446
90.300246
99.255144
103.856026
96.854792
90.527729
79.915628
94.452942
112.403270
98.860243
116.985971
100.994703
104.854688
92.549312
109.321597
109.339759
88.065878
105.952084
100.261774
107.790799
112.922145
119.893814
98.259158
112.317813
102.338341
94.178240
92.728917
109.891507
111.264697
98.000066
99.720679
91.891799
96.824025
105.161423
91.082006
93.710753
91.819961
114.388987
118.146489
122.849081
116.711485
98.951550
98.361842
88.866756
104.956989
111.229971
92.329841
108.326449
97.312926
105.696592
82.686045
101.811046
81.962956
92.535454
95.917986
112.104871
112.498721
104.718187
93.847671
96.104113
109.927829
98.022032
111.383189
117.082014
89.712354
103.373374
109.248710
106.629525
98.161227
93.113882
105.429415
94.238854
104.717147
106.955373
106.463086
111.455990
125.435798
99.769613
91.066235
116.479219
102.676876
111.794194
107.745775
111.540795
84.754527
111.446077
81.547662
100.166978
107.207478
94.632625
104.686533
108.229337
90.555904
103.947203
96.322840
89.824325
101.629681
89.325893
98.110315
97.259778
98.738488
116.420464
105.241070
113.986149
106.981465
92.327628
107.683104
83.694061
98.799581
109.628496
127.294067
105.742610
