1000
105.421127
108.553350
88.551063
109.094491
102.943515
100.888417
105.239134
99.000356
102.581469
108.392839
99.461884
105.089737
119.680052
97.245384
99.019096
109.143164
108.726746
100.853812
105.192204
109.134037
96.163573
93.915736
108.020611
80.085924
104.482338
103.486639
98.527964
111.703076
110.332859
102.996223
106.802835
94.505200
97.908216
100.300189
102.190394
100.182201
114.982467
94.807923
102.838469
101.685641
93.667055
100.205423
91.737974
74.617943
113.870351
112.263781
103.137538
98.367030
83.443354
94.313142
103.363718
107.889011
97.892692
104.012690
98.471109
88.268490
112.131120
95.560804
103.340445
107.127702
107.673396
94.499754
105.264605
109.987362
97.272893
118.466205
106.607835
82.482809
97.335898
104.124802
108.966832
89.255147
90.817177
119.092927
91.282646
103.434557
124.898119
91.795913
111.834032
112.950890
101.601557
117.671627
101.505260
97.336174
100.536036
90.010460
100.497260
92.298752
102.338995
87.745501
102.330118
87.587983
91.760917
95.716634
105.743288
102.920511
94.104743
99.175975
102.586604
103.139169
95.431878
105.202268
100.410661
95.527189
104.078218
95.339025
95.683812
113.984695
104.679966
97.623053
79.229489
91.777271
89.904029
100.631753
97.397376
85.560749
88.219181
104.253013
89.180723
91.225844
110.448851
103.630180
122.983595
112.143122
98.234580
92.363813
110.737391
75.690940
89.992940
111.402837
96.511709
96.733239
93.749793
102.767490
103.898512
106.192152
101.471438
77.458999
104.535589
95.548733
108.715426
84.544400
117.340015
105.799761
91.491746
74.158890
109.136227
104.175055
101.409304
108.660520
111.431295
112.725381
112.695801
81.529742
104.007689
97.852204
88.399953
89.039043
88.163961
110.271502
93.916954
109.077751
92.337983
107.548815
104.305882
118.489098
109.749723
104.474364
91.965170
109.372067
91.137630
104.274846
125.609069
101.428811
109.757511
101.724788
104.625944
97.017632
90.142317
103.180966
91.620117
138.009532
98.879995
106.095736
109.080383
95.913657
102.123886
100.458237
89.092257
97.247301
105.391096
101.198160
108.633982
97.550248
98.613519
100.190114
100.214731
96.130967
67.484510
103.618937
93.913949
64.889772
90.378402
91.870568
101.772609
105.171892
101.864342
94.780116
106.796797
106.196618
95.894811
88.977332
91.209945
97.110845
108.631939
104.542986
114.934178
104.076580
93.642310
100.981027
91.964048
99.341160
68.476718
92.992758
113.638533
106.971926
101.822219
97.974228
103.157234
90.630450
104.565488
112.457063
112.133157
100.639396
93.229813
108.063365
102.102277
83.923261
114.442863
106.666445
97.645987
94.816611
102.827106
112.980727
91.286493
94.011914
87.523701
115.812541
101.085320
102.131829
100.304873
92.750791
114.182414
99.494286
100.002982
101.110231
94.837743
103.233633
89.895740
110.928845
92.845659
100.624344
107.526483
89.885725
98.106235
120.935172
89.885603
119.265889
91.117374
84.992810
98.489097
115.111097
93.491413
88.192733
114.034149
88.691587
112.890223
101.464645
98.241804
107.021703
100.453534
88.407154
111.979226
92.192701
79.638347
98.806556
107.403292
90.498518
90.535647
90.901197
95.027534
89.576567
98.504648
93.801964
115.110134
112.870926
100.228601
98.425086
105.604511
88.208235
90.554586
104.170697
101.784663
111.283544
92.195724
94.808810
106.701198
108.087651
108.420657
109.861012
112.930670
96.446271
107.408801
98.879837
115.377878
94.428984
96.576643
88.316836
89.295785
99.403631
112.618960
94.324399
102.205798
91.897373
107.820405
112.793817
104.004180
128.213720
104.369169
107.285853
102.299200
106.224177
113.501589
94.206388
107.497082
90.487437
92.402141
111.337161
103.665370
84.535790
104.070342
104.660447
93.205324
103.339781
110.899918
122.029083
98.934166
99.807207
91.241643
98.827056
110.321426
103.425924
88.520397
96.022336
98.197223
102.144383
106.802772
112.910583
96.288971
99.193699
94.443504
77.108886
114.209983
106.501416
96.373677
93.787675
103.911944
110.946253
93.897711
110.808879
94.231641
101.182055
98.689918
107.492158
112.063075
109.303231
95.359353
85.909046
98.442472
88.067883
103.624015
79.774796
106.249926
91.362528
97.922136
109.956103
96.931815
104.304388
113.970543
101.070570
100.766600
91.868414
91.549707
108.994878
103.105504
91.285761
97.279294
107.594493
106.945125
106.537482
116.139048
109.586221
91.755368
97.857964
79.304413
102.815318
90.736221
97.158173
113.674484
119.405410
98.621136
91.570551
113.784557
96.198021
81.882455
109.079924
91.353880
100.500881
75.940878
109.171031
109.597881
116.426898
93.969507
99.868042
100.857339
105.098456
104.522491
100.345498
109.560475
75.840989
90.770793
95.184418
105.377347
109.862751
93.860214
116.882536
109.220159
93.363918
90.939078
104.603819
101.789473
65.257207
98.752370
102.154405
95.716835
88.317669
109.253868
94.499659
114.543381
97.438226
96.716359
108.573340
98.186321
98.560335
98.109460
88.647884
105.917303
108.418977
119.352265
115.045601
109.062382
103.871121
111.812297
87.116326
109.461952
110.905990
106.504818
94.253383
92.175979
112.336966
89.722534
75.354891
99.338479
113.387259
103.489998
102.665310
95.260082
87.739431
102.977816
104.612094
104.617991
101.226985
101.529571
103.534017
104.891778
99.542248
85.471282
82.985026
83.666347
100.100761
97.000391
87.805882
107.132686
97.379906
86.858745
84.614402
91.314638
118.844640
101.576720
105.159810
93.908362
103.392017
103.972439
95.894502
97.083215
113.578345
85.920891
110.261265
98.908666
95.901971
97.318323
101.076185
121.034511
92.725871
91.401199
79.776369
96.330028
94.635578
105.713600
101.924365
85.902191
109.679526
86.394940
104.059794
89.037394
106.128301
115.509833
103.938584
91.693633
97.767314
91.644002
75.839599
98.588188
89.264873
97.383758
108.934198
86.501808
89.162985
93.031937
104.740270
119.854001
94.139855
114.264720
119.103011
98.096351
92.583485
102.005717
90.535100
107.549571
103.600025
97.008091
96.753774
95.092666
112.916902
100.080646
113.615077
89.275000
112.376046
96.946238
104.778550
100.290119
95.200116
97.698252
84.416023
96.097365
96.127901
74.233433
84.889954
89.071479
111.691857
107.273952
116.947440
106.717691
97.350285
103.920520
98.063475
100.689124
96.362495
100.060197
88.056642
114.574632
99.203842
99.264792
96.059129
105.530956
95.880079
91.632551
89.054205
90.406776
96.311224
95.735084
71.923884
89.762690
99.599585
108.955239
103.637039
101.516930
100.422647
100.756181
101.895570
98.725398
103.059078
100.044078
104.288901
108.974484
95.155834
111.416036
95.836565
97.693786
100.114793
116.437553
103.791885
107.447244
104.172595
96.255234
97.082857
98.094500
99.978135
112.046216
94.270486
90.756721
97.764087
100.125894
97.442862
110.562091
117.864426
97.073817
82.233588
100.334128
100.581049
94.575345
93.397017
111.124206
93.990637
84.817221
104.582443
95.357021
107.315244
99.352246
110.325510
97.204304
112.367235
96.232085
87.380472
85.559136
83.952453
96.691889
92.346833
81.546556
104.923878
108.071823
103.585430
98.462271
92.303377
108.572297
117.703450
116.652962
84.682604
122.050345
122.232309
116.993665
101.831178
84.842462
98.178538
103.970541
89.549248
91.965473
97.782425
117.774095
111.672669
99.446546
86.854851
108.305363
106.364045
103.571346
97.670460
97.675509
108.649771
87.348077
109.013613
103.788099
106.276422
106.709544
86.895789
108.578928
80.556910
110.076567
84.714455
90.693386
85.088726
122.176381
91.981578
100.745143
116.968135
89.120596
103.489416
99.173204
96.319426
114.923134
101.356027
83.569842
107.893047
90.410865
108.631323
113.434379
105.406085
103.961039
90.691499
99.920785
116.064144
113.022355
92.931081
107.152322
113.764454
102.733150
91.474572
88.571181
91.766881
87.450164
112.880021
92.799599
98.915017
111.514701
95.316558
105.945168
102.370244
101.750895
103.911304
81.224909
86.595949
112.513816
87.661382
93.350575
86.725959
92.326768
101.444753
107.246020
114.733630
98.020072
100.540557
103.339153
109.952366
107.137706
109.356589
100.389076
96.029236
98.175626
105.255680
89.103336
94.383427
93.171048
106.605951
109.535312
104.901524
110.093852
105.936713
93.522943
90.720952
88.353358
80.882562
89.412681
99.638667
103.406391
93.473551
106.478503
109.528735
99.442134
101.717096
105.484078
97.356095
96.069789
92.333474
111.437787
99.628211
108.876822
109.956749
103.682121
107.455794
106.187307
87.941545
108.242261
101.781421
103.879020
90.571528
96.731331
113.411861
114.206404
94.702333
113.132130
97.347358
88.915166
93.525495
93.666003
108.754966
92.819440
108.494690
103.146358
98.255833
108.389250
101.347011
112.469862
108.347548
109.081536
102.835583
105.498332
102.625429
100.677366
95.153211
104.751455
84.826445
93.752199
100.558633
101.807857
102.553517
82.112657
100.861033
117.209828
102.314678
107.539450
115.831160
93.392957
98.495305
93.303579
100.517500
92.138666
84.658808
101.860789
112.548766
114.083187
84.344822
102.474345
88.826786
101.976384
106.929092
101.664379
109.872288
92.371285
111.809985
115.761687
104.142236
111.432273
89.540386
90.688810
97.874049
93.170437
87.082560
110.517018
102.228126
88.462111
101.230198
113.279310
101.328239
91.594677
112.546139
93.136867
94.203809
106.559087
99.642360
113.768899
93.842866
87.534996
109.432684
98.312165
91.446940
105.933059
90.481549
96.856443
87.878181
92.797122
89.154630
83.535455
100.089080
105.796339
115.678222
91.428368
77.657178
84.255270
98.896710
98.129925
93.458480
104.168421
88.670429
116.410080
89.095335
84.900330
108.114273
108.811797
88.418612
90.918988
100.839055
101.289089
82.374614
126.179016
94.146989
95.505177
90.351525
101.628857
99.469402
92.685629
100.497514
95.220508
102.178808
105.176641
97.891328
103.777870
73.384414
86.388623
89.096800
99.194600
95.919692
91.091769
95.878185
100.548090
86.490197
114.502951
101.455583
101.577181
103.451164
83.955544
122.738186
104.790466
121.358318
122.743951
104.782875
106.825406
112.842165
107.901140
87.320585
96.521152
110.626788
97.851038
98.998178
104.277099
101.706495
105.896688
104.367742
94.483049
112.235502
99.600269
95.845186
97.582955
102.216940
92.155328
92.735715
95.842486
98.992980
104.598962
91.836071
112.376302
106.850923
80.225908
97.992812
98.092345
108.443409
88.326714
101.185287
87.695433
94.339320
96.214533
105.648565
112.119771
96.300566
92.465039
112.078807
84.678238
98.622954
94.740021
94.634203
99.661871
97.865397
107.764275
95.092652
98.893149
132.100348
86.564767
80.089627
101.929964
104.843219
103.437233
97.164677
90.688512
99.112055
99.729275
107.939700
86.365191
94.169953
92.256996
102.120534
92.566614
107.822350
101.702007
105.639081
89.867468
109.843736
103.118235
100.636028
85.405346
89.460704
92.218267
87.840329
