1000
99.183430
89.995345
104.634293
97.699406
101.877800
73.792490
75.344691
96.988753
103.495766
110.791486
108.940735
102.114632
109.362056
90.927542
106.736886
93.292321
98.994515
103.815777
98.722094
95.916404
94.655221
110.533800
116.463050
108.265752
104.547585
106.893015
108.458252
60.381372
102.242251
104.698218
113.395710
91.958901
90.646003
101.978676
97.011031
98.677356
103.271574
85.487477
92.881456
88.454142
101.615492
108.277840
104.823113
91.034931
90.461825
97.244681
108.397176
111.310313
103.008989
98.433781
105.314862
121.029141
117.824259
82.566511
97.917738
90.528778
100.124654
98.662831
100.377164
102.958119
91.961092
107.725221
99.065473
92.665291
98.390202
103.480294
89.950912
112.146842
97.890653
99.640983
100.656117
110.152646
100.342947
106.778259
81.832626
89.224296
94.300870
91.807794
112.481974
77.313997
101.040959
98.627054
117.782228
88.746365
94.383158
93.226901
92.212912
107.725973
101.281992
106.717733
95.598265
96.554783
89.173273
104.955243
100.852020
111.360179
104.678929
114.139423
108.986045
118.273113
107.152090
103.801018
100.716295
101.506511
89.521970
106.454226
102.223934
94.663704
95.795746
118.101731
94.694982
92.231128
96.222460
76.530038
100.568361
111.038884
94.134722
102.115568
104.048673
92.539706
87.580878
115.210712
102.633308
101.109979
106.460425
114.076619
85.223196
94.628698
110.486421
103.483379
115.375804
96.299020
118.221045
96.626283
101.602032
92.572156
96.615862
101.289003
98.300011
102.714324
95.845372
103.969398
110.687601
108.387777
105.390107
118.438936
100.348455
93.000576
93.408388
115.657154
112.141873
101.372198
83.011697
93.054923
122.604615
122.810310
102.839911
90.559524
96.818815
104.345645
99.917203
112.688262
90.239850
85.752432
95.403053
110.422693
98.026364
97.623538
95.261021
96.364046
106.612885
113.107938
112.990995
88.295178
87.949126
121.680103
87.430164
112.631266
83.613973
80.501459
112.791876
77.184051
95.141403
113.973903
83.636740
104.546399
97.455132
93.239385
121.310465
94.595229
99.521486
104.573037
97.085739
103.571839
110.867658
95.803863
99.765822
121.721309
91.270013
83.227347
90.694696
100.224178
97.292439
120.659860
110.700186
96.859955
99.678986
113.609412
101.152161
108.545331
115.143776
117.014608
88.514688
91.574944
99.288115
86.476996
105.774817
85.806242
111.322868
104.457379
91.041317
88.331635
115.231754
116.148511
87.524654
98.262916
96.453701
100.499028
100.797383
90.977342
107.234002
106.293201
101.651724
82.651466
93.077924
106.859225
80.471175
125.715673
82.692683
99.936452
108.206146
101.864170
98.072267
95.861861
106.757334
90.721180
92.232804
92.400555
113.791825
101.454125
97.363097
107.980677
112.060764
115.381290
103.471321
84.713204
99.472715
96.557929
105.658549
98.066039
88.134127
99.162319
102.797148
110.490871
116.524383
98.977863
94.769023
99.633463
95.782616
103.144405
107.732192
92.383784
109.659090
86.950780
105.651567
104.892323
100.052971
104.613799
103.777592
97.467965
98.172268
108.080693
101.180206
87.823401
93.214411
94.722077
89.259080
79.651033
90.253322
84.097062
97.405598
92.619367
96.398962
90.672724
100.365701
103.927021
101.042876
103.112983
106.978138
102.757919
104.797005
92.804760
106.023996
91.995133
96.108289
88.443713
102.027193
99.919857
106.803036
101.477130
89.804280
102.150393
97.354760
80.229772
107.482161
103.274193
84.828687
95.640561
105.620519
109.434795
108.146120
107.582385
97.814013
110.158567
95.669338
87.629857
91.450257
101.361219
96.065980
100.600097
100.363662
106.640164
92.643731
105.267962
108.733987
111.542590
99.540615
84.592634
89.200030
112.668408
92.198541
100.175647
102.172803
94.608232
101.450862
115.838988
106.301676
116.169625
90.648914
110.460281
91.469255
84.565790
99.667670
104.641491
102.419895
81.564127
103.858951
99.891863
117.608062
95.865541
106.835258
113.253201
99.185591
92.779743
98.980917
118.610547
84.733995
95.139183
99.014998
103.992582
121.933286
106.887544
90.921980
106.665987
113.648431
113.486635
97.690372
90.066502
95.494480
118.733328
110.804617
119.233696
111.968127
90.401865
86.186116
122.094355
105.813979
128.743938
108.963551
99.026915
86.439044
87.584377
95.628699
104.745615
100.230238
111.470225
101.968573
121.715008
81.042310
99.099385
98.323435
87.619320
102.421724
91.473732
88.557249
107.987462
106.441483
118.470131
104.074679
95.758759
129.197555
99.114559
97.979301
94.999098
102.125764
90.225519
89.097263
110.065334
109.674086
105.847441
108.867883
94.852107
114.912194
92.570431
111.691859
104.668554
82.457868
101.852640
88.507493
105.946377
93.725499
118.587992
96.514710
112.847756
103.904828
87.637410
92.199844
74.726395
111.138507
109.139460
109.557207
94.386364
106.285384
97.574162
107.405270
103.388111
101.125248
104.681234
109.778873
94.823312
95.224818
82.669861
108.558391
112.675794
84.917970
109.742562
92.459949
105.324036
92.137325
84.722065
104.658113
109.080418
101.137118
113.491442
111.075800
102.894297
123.943798
89.167593
82.402245
109.189250
103.049515
91.901074
108.080078
103.967067
95.706068
89.478994
98.542000
103.800891
98.141977
101.541052
104.768852
108.642180
110.434327
117.867540
112.858946
117.767506
106.506691
86.172899
88.939229
81.590721
105.448782
92.514736
106.071814
98.424032
91.471952
101.587119
94.297989
86.892060
85.300787
103.516774
82.848460
99.165859
95.801555
104.437967
89.103155
110.215627
103.986064
102.749910
74.307342
103.679530
116.508573
86.102389
105.912926
109.788561
109.320459
76.971547
99.415430
92.815035
91.009602
99.683334
105.370953
96.340479
108.971807
102.271732
111.238809
84.675861
91.212372
90.938797
105.318759
100.066704
117.287867
92.175495
94.322707
99.210490
94.184446
108.525151
104.962048
103.585361
109.651712
98.955771
98.272618
104.631549
116.758588
86.296617
90.187953
101.126597
122.938816
102.005510
106.847470
99.360163
94.026306
106.574019
89.486525
123.576198
94.924808
92.671432
121.600781
102.138421
97.097088
87.992180
90.657197
104.737431
89.065807
95.388251
104.228993
102.867043
86.076549
101.136977
82.208443
113.847955
102.905686
106.249211
98.939514
105.645646
107.072579
118.037561
98.764660
95.071508
107.075026
86.674744
95.042839
98.341595
97.805942
109.724613
101.271655
109.766403
85.332992
103.864912
87.119170
92.536626
106.592668
85.642024
113.181333
97.328494
100.676050
77.477811
102.516811
97.715043
103.817927
91.879606
86.023388
101.493018
95.620914
95.477547
121.787409
86.570072
91.251295
97.552783
115.340925
97.691871
90.832726
127.762567
89.027104
109.123170
121.691475
89.556749
100.409758
110.214700
106.064045
114.226200
95.665697
99.240047
101.770560
102.306237
115.915445
98.474341
81.961201
101.043641
118.630892
105.059729
106.733231
91.852320
104.796457
102.993791
81.188495
97.880337
85.174190
114.223458
110.696242
84.530240
110.821570
93.565397
114.164516
100.392222
86.657169
89.664057
111.306424
95.398611
106.949388
94.713832
104.632599
107.212479
101.556056
89.838018
123.239710
112.030263
112.779916
96.356299
109.352026
106.340167
104.172465
109.464527
88.897376
87.120862
89.618640
94.643029
108.180839
103.582508
93.369158
98.788762
125.689583
93.332486
101.938444
105.051072
99.572215
92.019444
99.290081
118.450134
99.618069
95.808186
83.125462
101.391837
106.613632
95.354884
87.437167
105.701619
98.681972
78.852883
84.696190
110.524741
102.517760
91.915209
105.861914
106.292182
97.834441
104.275010
107.854946
92.107028
105.605733
108.515522
97.059354
84.689432
96.870730
98.963073
105.393409
113.416983
96.763840
105.257575
100.383507
105.840137
101.465896
97.320744
113.774783
99.885708
93.649714
103.434190
101.886331
108.289399
127.661080
103.458375
100.317167
96.693282
93.095831
98.908768
87.242680
118.885385
90.007769
100.292594
106.460541
107.993593
95.961457
108.871323
112.007994
92.242743
98.695680
98.273921
105.685869
101.689498
104.365448
80.318971
89.458518
90.059272
96.108766
115.960718
103.498697
110.268914
71.924383
94.346857
97.724777
103.465988
91.247253
102.134268
110.122535
112.288385
79.152368
102.145171
92.690538
114.045798
107.620651
63.576185
99.664096
105.890632
99.403078
99.666051
96.601784
109.889597
83.473513
110.901742
89.655953
103.021378
104.948209
101.999058
104.887813
99.476905
103.857856
107.774138
91.217285
97.844073
101.728007
91.594138
100.971129
103.777145
122.867695
100.667134
103.073073
105.407356
106.645784
105.875956
109.127254
108.547217
105.091383
99.825944
91.809749
82.177623
100.344617
89.008259
100.795216
85.656775
123.966030
99.214441
95.757643
124.783189
106.980656
108.831027
109.995877
88.869262
92.919460
83.695068
87.457837
97.400534
111.634630
100.322657
101.131414
88.421237
114.210402
104.196911
104.424930
100.593456
84.026459
96.759275
98.759831
84.654317
83.573948
104.451588
115.976254
93.700138
104.386063
106.114927
105.503605
86.950083
105.299400
100.501143
104.662605
81.863784
78.661499
100.336461
104.403714
91.795309
89.753028
96.550803
102.601595
106.469570
105.344985
94.407988
114.213238
106.796850
118.042135
99.717153
90.853197
103.599133
97.914702
103.094376
93.837532
101.328336
102.931205
95.614079
105.010821
86.317958
99.282681
103.591705
99.898630
101.749066
113.890580
103.544902
101.674133
106.718328
115.122585
90.330684
100.632818
108.926791
104.846750
99.697261
101.294972
94.793612
110.468663
88.293706
95.604007
94.604017
98.833850
115.236247
88.921448
110.067069
88.789500
95.142274
69.837494
112.956163
116.689207
94.250583
99.124167
85.555102
80.894129
97.605174
111.493767
99.312692
96.024040
112.096022
100.998534
90.875952
94.212866
89.261793
105.065291
98.164670
100.248154
91.676795
114.331228
80.078878
110.858711
102.168987
103.751286
94.900202
100.451975
105.420749
113.137621
99.299708
80.990668
104.462417
106.047902
96.622971
108.784544
88.630991
95.812145
122.613290
108.567173
103.070732
104.438265
87.834060
124.377978
98.357430
98.568842
122.160377
112.911919
107.000205
89.140864
96.254898
100.060681
108.335464
110.106697
93.904452
108.493436
107.884663
93.301785
93.564928
107.752438
96.064083
98.067634
104.901360
86.916941
93.147500
96.605246
109.330418
125.802417
92.864206
88.551562
97.220555
91.169657
95.260376
107.823934
106.180305
86.954106
108.122252
100.613413
83.710665
103.208589
96.608152
100.169664
80.629223
102.245681
101.917944
79.091660
94.819011
102.077139
107.187485
97.939452
108.035027
106.249081
99.330149
115.469387
77.058848
103.955269
96.899183
115.663342
103.755329
85.290094
91.453060
85.407894
73.718491
95.776784
103.838106
73.270537
91.543739
88.373544
106.278729
94.286493
107.550393
91.549807
97.047443
112.636606
92.605017
102.369665
100.458651
