1000
111.403738
102.545309
104.794410
105.967031
113.438254
95.245454
102.662683
92.037850
99.529867
103.180410
100.810241
96.300471
104.672975
107.879427
101.040914
113.098831
109.074236
95.689154
107.463630
112.554709
112.818733
103.232351
122.407796
82.678207
113.635671
111.398727
85.362772
78.938889
93.600664
81.883483
106.772044
103.015933
99.719624
101.681023
101.599915
115.605266
92.202216
95.909006
86.415857
115.355673
82.949033
97.750728
110.852816
99.382220
105.691398
100.439827
88.417204
112.179639
102.325175
89.443048
110.368870
82.445589
105.152062
128.334007
84.568668
105.098098
87.092095
83.328563
118.414821
102.861798
90.686456
100.772951
90.598147
106.384202
110.671026
105.233366
107.650425
104.912089
96.218695
96.216472
120.789593
91.646354
84.541630
92.979880
91.080579
94.368506
104.503570
114.958230
92.154946
112.602924
117.254658
106.837161
88.532999
101.162975
93.796240
107.302940
73.926592
112.929201
104.152655
94.042146
102.704420
100.389060
98.165063
115.914421
99.244659
93.591639
107.971756
94.565136
105.408904
115.751618
98.353025
93.970940
94.917849
106.448931
93.213525
112.286873
99.645154
94.123338
102.400900
116.142254
101.607873
91.584244
82.806818
103.661686
117.480919
99.273800
86.067732
105.572788
97.854583
100.515734
87.857675
94.503073
113.885147
113.239972
95.155342
98.717140
95.941178
91.888513
75.025041
108.254286
92.437300
104.704808
106.249297
98.317619
107.520024
111.190897
90.253283
97.236484
102.795561
100.787203
114.655307
106.922334
123.516450
89.074084
78.735852
104.110687
96.257121
95.151460
92.897291
89.571437
93.397508
78.638442
117.232699
93.789299
94.970260
99.582688
100.620800
109.315084
105.282970
93.047122
111.501431
101.586603
100.276990
109.238782
112.042284
82.562382
70.555893
92.720589
95.110552
92.902364
95.591013
96.373502
104.588891
97.760828
108.378712
108.520187
99.039116
103.466093
95.006475
95.750059
112.375022
99.592973
107.239817
101.525916
100.729289
97.374245
91.982010
78.850642
98.387371
115.502009
102.089840
102.984878
104.209114
92.754476
103.566335
98.958380
93.984891
118.258564
93.859613
95.219420
93.096577
112.501410
108.374501
85.276346
96.612048
108.012451
89.123569
87.228640
113.814102
80.825441
114.866265
102.429007
103.510058
101.700845
87.813980
106.285232
92.970178
99.575701
85.534691
106.214665
102.067014
113.389239
99.182049
102.750550
83.142932
102.062048
117.241599
89.005188
128.482017
87.012664
103.630210
115.691782
107.623974
99.311878
95.317213
100.607020
94.355669
93.727096
81.230030
103.085340
89.855400
103.265737
93.258981
99.194780
96.940445
95.072654
89.892349
95.006122
96.938366
85.612216
64.416499
109.726386
96.056618
92.678778
102.217091
85.052985
90.976971
116.624556
92.476829
105.599136
99.096621
111.021912
114.555569
115.809731
85.550653
100.465521
99.628831
87.967268
105.748164
103.210443
99.439092
98.408475
96.266758
82.761873
101.794976
99.752888
114.226723
103.944319
99.773566
104.202719
95.975187
91.627578
99.566813
96.839531
89.919814
98.317423
112.372339
106.443577
109.238294
100.561371
106.330600
100.988193
90.622689
95.683242
96.403968
109.025403
89.901671
106.832073
105.800258
119.799036
100.323940
96.439712
116.841384
101.713179
106.453700
100.939140
103.919401
83.851036
102.785313
100.972363
103.381395
108.542810
100.863338
95.798820
91.126553
91.952269
109.823195
98.868800
101.854687
93.135305
105.839118
93.770943
95.406536
87.368754
119.091370
85.636848
112.052031
94.103417
115.662528
96.670718
95.456621
97.021784
95.908581
104.313996
90.790160
104.247088
118.972230
91.253132
102.729900
91.179382
101.986603
105.027952
77.803607
103.656291
103.575577
101.333592
95.689760
95.847297
99.821262
101.137172
101.269114
95.392080
94.026280
114.287973
84.782283
109.269900
105.413756
105.679033
96.855415
88.517300
105.045774
93.433710
106.453077
98.442912
90.912220
100.177658
103.764793
101.614235
93.192539
101.062026
103.573575
97.683256
111.558548
106.353110
106.427540
107.721507
108.376562
83.032616
102.097115
100.220474
74.566867
91.466304
89.890001
91.322083
106.494662
105.725831
90.953317
100.562584
89.235501
107.538607
109.695752
93.918198
95.248514
93.959598
84.299221
104.702259
89.479313
89.863273
102.550803
97.236395
107.690236
96.389105
100.417475
90.279799
106.870326
100.454125
113.621004
101.566082
94.513362
81.197786
111.210783
105.874431
112.267567
107.152274
88.568852
98.479658
106.112841
100.656594
94.068558
98.790004
106.360194
104.433113
91.239981
111.974405
89.548735
113.908188
106.494597
95.004383
126.432034
99.775246
94.613623
99.055965
93.668875
90.986171
98.391485
100.644185
90.877216
114.888152
91.053112
100.472742
91.364525
110.034667
80.524899
102.298369
95.990471
97.764678
67.694544
115.604370
103.779711
83.601067
107.331309
82.105316
77.422557
85.575776
100.485842
87.105462
90.035900
109.004719
108.623707
96.265782
114.626120
101.974576
103.264515
93.815895
95.761984
102.380196
100.314511
103.244760
99.950743
117.645489
106.779615
94.258995
85.059486
90.898604
75.519434
98.430325
93.929705
99.558508
101.092513
99.635360
105.001500
89.860542
99.399035
107.947707
102.635942
114.649385
84.000309
85.628757
101.361963
105.690911
103.804182
93.105106
97.287422
99.479615
90.664141
96.163613
107.084502
116.816156
93.996708
77.224233
96.125159
92.189666
78.699590
113.935888
89.803032
105.563249
89.404975
99.019789
88.839393
95.188271
114.536071
95.374966
96.056796
89.608799
103.337245
81.733185
96.817331
118.853827
106.951250
112.835380
92.951066
113.504879
96.090033
101.441354
103.842424
90.275677
96.311290
101.742395
95.925405
114.960158
114.313529
100.671467
104.666725
112.132900
88.496219
107.915696
88.127062
102.435120
84.863934
112.674099
106.689653
104.704926
96.857154
114.808743
79.196582
106.340642
98.891061
117.433397
89.712959
88.412715
94.958690
111.799257
103.820912
103.749427
90.860726
85.735595
117.092714
96.984832
88.464547
92.376912
106.535878
108.988284
115.151657
117.191077
99.701346
99.066478
103.372926
103.591228
108.269244
120.708087
89.372852
97.558149
101.905586
116.027818
80.036414
112.522866
116.057861
128.358753
99.454737
92.145543
100.879829
101.861920
85.577718
90.786335
90.267689
96.746043
107.003566
116.138262
100.357257
112.002647
95.251658
99.878095
101.308782
96.152091
99.306798
111.619753
103.896720
115.867269
99.773167
106.421839
95.503647
101.923456
108.311741
94.053276
92.637638
74.702885
113.524527
109.725963
95.238629
117.880177
101.621553
98.016713
109.187962
117.032843
86.048221
101.650860
92.642665
113.497422
98.001465
88.581088
110.251956
97.693932
92.049472
94.616995
89.534750
97.541726
95.900703
100.082921
99.071756
91.134291
99.975321
104.622987
118.636416
108.496328
110.224732
97.129740
95.492452
91.650146
90.722553
106.345368
113.759825
99.058801
115.701845
99.683141
80.408518
89.691093
91.836018
91.398551
110.096438
92.428273
108.306063
111.835675
92.532112
88.695364
90.684068
89.010544
96.434394
94.021512
100.475503
96.580720
97.864408
89.271225
103.435380
105.476764
93.420683
88.266170
108.189274
115.416866
107.527788
105.891389
105.314845
99.432241
99.053408
95.338771
93.380852
100.211288
103.953368
105.326972
120.317295
106.507299
85.142909
108.617857
84.298617
94.435725
108.646138
94.701367
105.204647
97.645739
95.657335
84.013146
102.266515
99.847092
91.098549
98.156827
124.781230
104.420097
93.295769
105.762669
96.608220
101.684000
106.468425
101.538274
84.376295
90.531674
109.110039
86.248882
107.039263
90.748652
102.965585
122.086250
104.346105
95.777580
81.469826
104.405659
95.216272
109.096409
93.995758
101.222094
91.925858
116.797094
109.826012
100.664487
95.546319
86.236612
96.552948
97.438656
81.956421
98.498228
91.183389
114.836405
82.339021
109.784924
90.403268
111.897756
103.275760
91.161236
83.381397
89.009041
88.396382
105.817624
87.588418
85.545094
112.165759
86.903134
102.777519
95.671033
95.282157
92.023211
92.525110
100.153192
96.201971
105.113155
88.139402
120.496431
111.413049
85.954669
116.740138
106.336229
106.237912
94.239880
115.341253
109.765488
101.113509
115.672839
98.350964
108.302683
107.780597
94.298810
80.803171
110.509278
93.950774
97.632810
115.536333
95.734102
119.518299
98.569584
100.585339
101.062706
93.996306
92.467254
89.036076
82.925997
93.667644
88.542061
119.645010
88.767995
101.850317
91.772804
97.312968
102.094153
101.694198
86.018840
109.815228
124.707124
103.701418
96.262033
93.095855
87.847699
97.105310
92.768492
110.612431
95.934134
111.222141
86.309753
98.806169
105.461877
96.133323
101.720160
115.704012
113.196232
115.446959
97.939741
95.902059
102.753589
81.157418
101.448714
84.940881
108.354928
108.642795
105.647379
92.720271
114.402914
102.563752
80.791871
104.053877
103.585393
111.792354
90.518494
105.023646
92.265744
96.879177
101.653374
103.339690
95.842547
104.966606
88.747507
104.011791
88.856979
95.536389
87.107303
83.718836
104.447800
104.000893
88.765397
108.581126
107.517849
96.263195
101.728249
109.173098
89.339164
113.363635
118.015789
107.443225
90.829837
111.787442
105.397882
93.923000
105.712281
94.567333
86.814016
100.620529
108.364826
88.987897
110.588785
90.404553
84.669873
94.819694
100.366683
95.908096
96.207953
98.813850
99.405307
116.148598
91.055603
106.201774
115.925650
98.111277
94.573344
108.256395
91.070780
104.486671
120.560114
92.296714
99.090466
106.842984
108.041490
104.262008
105.928227
88.874537
112.171815
100.047180
89.720698
100.773989
91.782173
81.266307
93.318431
81.788317
124.082111
108.651383
108.675332
96.647021
100.858192
105.044538
107.633176
99.231341
92.672280
101.838801
119.414892
98.429341
92.024050
107.321678
98.268854
95.698946
100.616695
85.530062
95.905306
99.929570
98.792409
105.520645
96.743811
103.106146
101.642309
86.974222
86.226183
88.137989
88.080237
90.933375
100.400822
102.798308
112.169107
118.709993
82.987723
103.222501
109.776893
103.511644
90.836231
100.430704
85.701693
85.193614
81.344406
100.749226
112.870203
99.247220
110.649443
110.081066
111.704318
98.922208
103.561076
95.550777
106.442895
112.640645
98.506138
117.960948
97.740545
98.670211
98.303528
92.846964
102.346969
83.629508
100.108207
108.076574
100.725194
78.403004
102.288323
103.699956
104.229069
91.531006
100.673856
104.816030
85.530061
124.760480
87.416719
91.278786
99.808678
89.445446
100.250751
104.265833
82.227006
103.799129
104.256631
92.456518
106.360122
102.321220
107.301727
94.435866
102.007136
86.223960
101.562542
90.522584
92.800803
113.880185
102.105938
106.365287
111.819509
104.190999
88.189249
102.278314
109.008521
103.788439
93.967301
