1000
110.695942
104.643366
101.409187
106.187257
98.456472
83.664182
109.793778
111.116199
111.961317
104.679373
97.653395
90.874936
93.749273
100.486777
109.822803
105.260675
96.882263
96.126587
100.901266
90.818453
96.332038
103.787481
110.854680
99.006017
90.068663
100.378051
87.160231
105.331928
96.422665
91.958725
91.078235
112.083457
102.595842
108.641533
102.070705
110.765425
95.399309
103.152268
98.345284
100.418482
104.198131
89.803312
114.140383
103.864494
94.338551
96.510967
100.365990
96.766763
95.740840
81.962150
84.149408
111.001836
103.182777
95.145857
106.128018
87.892230
107.223156
105.013606
106.240742
106.746336
91.070947
97.510978
94.318965
94.384466
103.636581
101.430650
105.756779
107.921303
74.214681
89.583260
94.288295
105.842232
109.541590
94.202439
86.425158
97.178107
113.427139
97.795872
102.350371
107.867263
97.744437
114.186825
104.146601
101.885348
106.054207
103.567457
88.797737
108.607787
87.374413
90.121351
116.466985
104.654060
109.997477
87.560000
89.560578
112.919534
112.926883
98.239732
104.465780
86.823995
110.434384
106.843323
83.108029
97.393585
93.627662
104.343064
90.580184
117.222488
102.273800
99.621278
96.428346
98.424389
100.529484
87.145955
88.870115
94.653342
108.921440
101.315993
88.679847
106.139676
91.098541
105.034372
103.851874
91.516978
98.898927
108.339818
109.925222
105.088569
105.142252
87.347091
103.188892
91.187169
94.563360
90.718074
114.063181
94.518412
101.718605
97.796059
104.052114
104.914502
105.963073
95.939783
101.996449
105.370530
104.213718
107.465485
101.138289
121.750489
103.082440
97.818048
78.862189
99.670642
103.416319
92.168737
109.365311
102.030099
102.350732
110.686519
111.888073
91.806213
100.449192
86.946902
102.208366
97.499851
92.344848
102.152413
100.344936
107.067729
96.366012
86.748836
77.192159
87.334229
98.244594
95.188618
92.224435
103.503519
110.096758
109.202217
98.715121
109.754044
91.071079
87.337099
95.577117
101.536384
92.545372
107.244814
113.470900
94.476632
110.376418
101.714664
104.584312
84.955048
80.129181
96.051048
97.745036
87.461320
88.181566
92.532015
104.356513
112.430412
95.211340
95.926005
101.315497
89.941849
103.957410
101.575671
87.305985
105.767469
106.197224
84.491867
113.361041
103.414384
109.795762
97.853312
99.966786
84.050530
99.996293
109.538191
87.567759
98.274929
100.057288
103.849952
87.722285
87.245746
88.256676
103.812805
91.188309
93.161526
104.377143
121.579024
90.180013
83.688256
104.471259
109.193380
110.103667
104.818550
93.926726
100.559590
107.192014
103.039984
107.163170
107.627418
80.735425
92.451223
88.154358
99.554636
95.860118
107.526840
81.052477
100.554238
100.369409
102.632175
104.943814
93.360537
99.765973
95.612146
93.509307
112.998631
107.069853
104.413296
95.404556
97.388428
114.250090
80.595258
90.539955
103.199472
105.633562
108.754179
94.612422
100.654563
106.556678
90.727782
96.967989
97.454089
87.469101
88.697935
103.942034
110.712332
100.025155
98.121015
108.648527
115.825457
113.042506
104.932921
110.624330
103.270202
120.965416
105.665162
108.192229
110.547685
106.296572
88.282258
96.672391
89.824876
93.987523
102.570070
116.911089
91.282704
105.985357
93.322830
100.151336
101.922133
103.217254
113.102421
103.633941
101.058843
121.163655
89.447214
98.948718
90.389571
100.830907
74.625625
106.523574
99.543257
86.614157
102.715862
110.342764
84.763960
95.198203
108.235214
102.103947
110.752371
99.706941
88.659334
92.564476
82.681881
97.114520
102.872610
113.032664
88.577611
85.428068
99.494948
87.483974
118.695521
108.813765
78.649801
100.898769
83.643958
80.410343
108.423870
103.430192
90.012882
109.086739
103.457519
111.266202
102.876192
105.613968
85.046095
92.024675
103.837283
96.419284
99.578660
91.843345
86.870101
87.857685
81.771113
102.173109
82.742128
92.154710
95.005071
106.278909
97.991306
100.976172
105.495997
98.440246
89.453710
121.839220
87.249623
94.836604
98.545257
114.519508
99.987829
97.404098
106.706409
90.043510
97.131133
99.690076
88.488979
84.353263
94.753985
90.044738
110.437598
95.629929
109.050285
88.143717
91.604081
96.996340
104.007544
89.442119
105.858004
97.417325
93.238350
91.383884
90.995454
114.871091
114.501011
113.609141
90.108097
103.210028
109.014163
94.227973
112.530357
96.780022
95.000684
98.339052
95.017399
121.113337
121.679872
98.144039
117.617188
89.644509
93.035214
92.859404
104.804152
100.135840
95.351161
104.267226
93.943740
105.743369
93.409168
83.240347
110.422814
98.078567
86.436510
109.612353
98.873865
108.572527
94.091618
116.168261
85.962126
85.133369
87.034473
103.070866
119.381428
92.576487
91.934444
116.931431
99.973949
86.584776
101.601284
102.522626
87.820316
92.892836
101.890907
92.854294
99.837306
87.010972
85.917812
114.651541
100.521768
96.784454
96.152147
82.529653
114.597748
85.393201
97.901441
84.248953
89.609083
82.427426
59.903696
100.795250
96.329010
97.964713
98.121740
100.837518
95.217252
115.276655
106.127104
100.353085
101.679223
105.093769
96.125792
81.842997
108.911203
93.278081
87.642094
85.182845
128.974148
96.245954
109.802970
101.120043
93.641535
97.537377
116.251628
96.302915
94.683668
84.877580
108.279834
94.264550
99.245631
102.856386
89.534274
107.069292
98.131199
98.852457
73.818316
100.551676
98.047479
98.598740
93.773606
81.881078
110.042435
110.379586
95.959715
86.678150
102.570073
85.889090
95.538206
89.134223
92.839938
97.451100
121.324256
99.981909
94.273983
89.633996
115.942904
84.914721
102.824520
88.377046
114.649915
107.782878
105.532325
112.616946
99.372684
99.139290
87.380830
92.980123
109.976074
91.996912
97.157206
108.591636
106.889588
102.770692
92.934752
86.888913
103.340156
84.650995
104.689859
87.567093
104.402333
99.336832
116.789256
98.139681
102.382796
116.140125
106.196122
102.588463
104.141076
104.231188
100.974489
112.534640
90.491442
103.853816
100.133124
116.368345
115.124463
89.563112
93.168177
96.783196
94.157235
106.544404
106.362822
98.718002
99.458648
87.433662
93.128782
88.100277
88.480015
92.151941
114.110033
110.702520
95.103081
102.660193
78.553748
111.207666
94.680012
103.662304
109.173555
106.570601
107.002597
108.479381
105.807451
100.248250
99.666805
120.619409
95.429065
91.997414
94.107064
116.840627
98.792147
105.464487
118.992451
89.134602
89.737759
79.602129
102.749836
111.116360
104.234654
114.579422
111.619657
91.654983
102.794495
101.270852
100.934063
99.809325
102.311890
119.084206
91.003679
103.003666
83.459469
82.997870
78.493798
127.851207
90.428457
89.876472
100.047495
91.052641
96.302543
97.939800
114.154965
103.221703
113.468975
98.339379
92.488020
119.120490
96.109928
110.526717
108.829823
97.133029
105.601993
107.624851
90.715409
101.493038
120.693330
113.241752
98.777702
108.946146
96.063897
98.962570
101.273595
94.783346
95.304589
110.711262
96.074192
103.713202
95.503286
103.979751
90.966909
112.616794
97.472775
95.089592
82.150092
106.531981
101.524115
89.626488
89.714584
96.129727
100.075115
101.315261
92.115421
96.324879
106.439293
102.157830
103.512917
98.484698
87.394842
89.310099
110.257555
107.004097
113.348743
101.974395
96.061436
107.038552
115.685430
97.092759
111.590812
93.166655
86.744440
105.826227
88.671621
108.227628
82.505043
88.546215
87.676005
94.587445
96.276472
114.083305
94.341729
93.366643
94.639328
103.856505
94.086445
92.575497
105.633604
109.957736
86.720351
93.174756
102.544731
105.038046
81.727530
102.423938
104.190277
104.086582
106.987587
99.004252
105.937269
99.110180
97.389797
89.514531
90.421245
99.044082
102.584302
103.728369
97.673991
94.507874
97.620281
107.802453
111.119248
94.525640
82.464710
97.907912
100.695699
98.087133
102.259147
103.937445
96.606387
105.285686
82.793689
89.790959
99.401725
103.320911
100.237286
99.147888
81.253306
107.508196
110.185896
88.904794
116.018957
104.177962
103.182770
105.721361
115.869473
105.099465
115.574081
82.836992
124.280703
93.419880
101.390265
107.198246
101.383967
119.145680
95.562305
94.798369
99.643809
88.935175
88.279866
107.992537
95.589280
102.252615
102.467107
100.892389
107.414879
104.655746
96.966474
107.965994
92.036508
92.735445
103.475942
105.536888
109.256028
83.591227
94.526748
106.026312
98.046509
101.412335
88.280083
103.454337
108.870150
109.667050
104.151167
110.131540
97.710067
110.533862
102.832886
94.405288
112.705592
114.270202
97.337666
98.599412
109.416863
98.109821
106.863879
89.409553
95.649514
114.810251
117.246444
102.992746
91.064806
89.053313
115.536828
95.077143
83.133483
103.086096
98.973481
79.754619
90.507838
92.910575
113.262475
94.573587
98.007236
88.058289
123.211314
87.919732
100.715988
92.969695
108.614193
94.964833
69.607044
117.261318
115.495021
107.409408
103.293440
69.471002
93.307112
101.119566
100.413422
91.215925
94.409121
106.566913
118.470112
96.309420
96.117973
103.975689
112.825584
111.137922
89.143527
112.954121
107.538607
96.904396
123.488903
81.468305
99.890735
103.008853
68.626635
88.305788
111.774246
105.108870
90.675157
95.509326
89.845521
98.622698
108.207759
78.273591
86.886082
100.082492
84.555962
111.748251
82.409104
81.408236
99.225891
77.315104
90.951605
102.092355
105.489811
104.556396
95.313729
113.710821
106.208627
112.347071
93.628395
110.152511
100.397705
108.204285
85.056819
85.270776
94.126806
98.578952
79.465996
115.722899
119.000419
102.399989
95.063271
89.410734
95.377342
94.777722
123.045160
108.491196
96.797803
105.472611
100.648033
97.037185
113.931442
98.461500
108.197820
83.141819
104.118591
111.540825
101.818965
108.341251
118.497100
85.583215
89.885387
104.952017
105.734086
93.552323
109.893516
103.736061
80.402668
117.360085
84.751167
111.680029
89.511787
84.870031
104.895395
95.734859
106.483946
114.991894
101.649867
109.703561
91.550894
97.028374
108.383851
119.846846
99.985718
83.892294
101.491680
104.629205
114.551105
88.563395
98.100061
90.402041
113.198170
102.495220
99.285467
102.400321
105.281433
106.709962
83.908936
111.847221
109.777407
101.037646
99.321291
88.098176
102.216675
98.961509
99.106480
94.999502
92.499153
111.854589
90.628509
116.907096
96.998298
109.874818
115.000282
100.909028
105.818356
109.003588
108.067145
99.621859
87.837289
113.517084
96.603573
99.132226
104.220859
97.715700
84.606246
87.595989
85.088461
91.453040
93.597342
93.772504
101.182662
106.340689
121.556731
88.414047
95.052343
88.205319
110.877080
107.990031
83.918356
108.537922
111.885530
93.339749
103.655749
108.794836
87.548223
102.052157
101.270789
115.736273
99.065386
92.001925
76.576814
108.800049
110.192142
105.202166
103.731751
113.685508
110.394575
105.812242
84.749770
