1000
106.183732
98.115000
88.552794
91.863421
98.986382
99.074402
100.097476
107.114431
82.501349
105.696193
99.660720
103.423802
109.687901
112.788918
90.752332
96.290520
114.697673
117.245751
84.639653
83.297387
85.994508
100.815695
88.182709
106.262951
106.886172
96.061604
114.563513
100.983107
107.298821
99.003442
103.666773
87.879407
128.781999
103.009232
101.216885
95.205224
114.729051
83.245014
118.695086
105.490051
95.211621
101.740217
100.137960
104.505238
90.726379
100.512912
106.009615
80.474925
93.646109
98.309604
87.326273
110.048813
91.110601
93.128458
100.115642
94.635551
98.478563
107.765541
79.896738
109.599168
104.737503
87.442341
106.820913
105.125641
111.257076
99.059155
113.541944
106.115296
97.181251
99.194278
95.436578
97.669002
110.809967
110.548684
100.092134
96.469800
116.713962
104.682940
105.574097
90.379073
100.023031
101.040277
92.507662
92.568084
115.933911
111.438464
100.002197
98.405069
82.811645
104.540084
81.473823
89.629630
99.697757
97.284737
102.773841
100.088803
99.746990
108.101663
109.804569
85.417653
102.870375
96.538458
102.786918
87.583356
112.729575
95.731186
97.022572
99.948254
117.878691
107.885243
96.591103
99.667374
106.995130
92.754971
106.043838
99.972768
98.462084
112.107751
90.738085
97.833146
118.352344
104.280528
100.417441
100.104295
100.058697
123.684934
107.719799
110.102022
109.324301
101.844612
121.967176
105.871466
86.300567
91.110959
88.948051
95.373052
111.828712
101.451806
82.674078
99.798864
74.608641
85.865001
104.149923
113.413387
102.845524
94.006563
90.761562
106.880939
83.166343
98.831351
107.181949
103.208176
103.728936
105.910852
109.160363
101.963180
100.006403
99.938877
106.978480
94.120259
84.820809
119.712769
86.787387
106.566541
114.638644
100.297282
83.234559
90.006823
98.203530
108.882805
94.079672
110.656418
105.520234
103.610093
102.639103
82.278593
94.413054
105.615165
105.097485
94.310940
88.178713
113.530766
99.966510
115.663840
84.519795
107.127643
98.885472
78.481125
119.204101
109.239088
95.651706
101.427641
89.485336
96.722403
104.268081
96.443759
104.239946
99.525938
95.797790
93.260100
91.081672
101.970828
99.786755
96.564931
110.282376
98.612356
101.232031
98.355463
107.330716
113.604270
112.019721
78.423186
119.520434
93.363175
109.472683
92.686452
101.579423
110.942831
102.172280
104.463889
84.312374
106.284734
113.245550
99.312008
107.253012
90.225633
109.221499
107.445120
100.699725
120.301426
93.539997
100.704810
111.235503
114.860701
91.382871
112.090968
105.457089
90.459171
99.479911
104.301231
111.121979
92.855208
90.696397
102.388521
107.150940
108.912732
103.813396
113.207950
99.142005
107.222182
114.310637
112.614048
103.932420
93.567644
92.365365
79.875852
110.328447
93.493278
88.781052
87.201751
82.629000
108.377745
96.740943
101.081887
90.269836
104.964361
101.609688
92.657836
84.816372
102.149521
103.535670
96.294133
98.723526
103.326528
90.821914
102.150900
107.267644
101.752287
96.411303
90.895144
92.797419
103.676773
97.046281
100.198061
104.426221
90.121658
84.934768
88.462926
115.840926
75.875953
108.233003
98.726933
110.010931
101.121129
89.152685
106.055110
99.091118
102.484928
110.023331
109.152483
100.138150
98.646728
118.035191
104.686471
114.039441
86.983529
95.469768
105.928117
98.204741
101.210861
116.062031
99.919749
93.100824
124.057872
104.774583
103.045194
97.246572
98.676434
104.806465
92.402180
97.045833
97.793958
92.852742
84.689950
120.737061
94.132155
93.727667
100.052607
98.008121
106.851526
101.824671
83.796417
115.697660
107.125356
103.179172
95.854495
84.122247
84.609449
107.661533
117.834648
113.373430
95.222670
115.397613
88.570145
95.724818
100.173168
89.455937
83.807971
91.932954
76.846103
95.733161
113.788486
93.880711
88.593925
92.865933
120.220305
103.822033
88.953473
102.181975
101.949904
99.989241
96.679319
100.645488
93.345526
109.467601
116.318160
93.902731
101.671218
120.865078
102.404729
106.928748
95.827395
96.426596
106.283347
104.715542
95.521102
107.778380
98.380201
80.313376
86.908276
115.133947
102.936626
97.714128
102.591327
106.397660
111.992549
79.599128
97.353325
92.538535
105.600220
102.899702
114.650020
94.828069
112.914807
92.245780
93.910571
110.052835
77.666146
93.021266
100.254980
105.683383
106.998693
96.949457
91.324571
116.833305
82.951799
112.966023
114.002576
82.081768
95.935722
87.779288
101.892792
93.216151
98.682888
96.543816
98.045572
98.982248
91.405029
102.255860
120.038047
91.012184
106.534287
120.688369
111.542667
103.623756
110.846204
85.041484
104.850348
88.626070
113.744031
85.454865
115.038358
100.967492
96.691417
110.186458
103.358520
92.463751
104.612327
88.222467
121.148233
86.289278
97.115307
90.766444
113.128770
88.184090
90.422537
108.281245
98.281959
109.829238
95.653168
86.786040
100.910017
106.788373
104.066759
94.774845
110.563999
89.123895
102.973789
87.031201
83.089604
99.937251
116.687790
78.519029
102.971856
106.685028
97.563620
93.244546
100.154980
98.076577
87.875506
90.603053
93.133893
114.880089
105.819633
92.522838
87.247291
107.361835
90.100659
87.765062
90.005534
80.795367
106.215838
92.054794
117.105126
109.086799
121.712450
105.711685
99.212875
108.319592
91.673196
90.114784
99.751494
90.394132
98.605391
99.955674
96.444029
93.202233
105.268552
106.064478
95.373400
96.015863
86.160980
112.732859
100.406565
84.937172
104.931419
107.158666
105.970870
109.641208
90.945887
104.568732
87.172782
110.077814
85.539134
111.871118
82.829947
105.464941
98.084800
114.415652
109.024919
96.762124
106.965295
112.769980
93.194854
102.879560
111.475628
100.594148
106.944433
116.420071
103.230088
106.831190
95.842235
89.741967
100.348838
94.668808
101.287581
93.495269
78.565740
112.933391
83.672991
106.080414
105.665357
100.928660
102.855011
111.719438
104.816386
105.403819
95.786003
90.526813
91.864642
86.427239
84.372880
108.571464
117.470698
103.976543
105.347894
80.589208
110.565020
98.093229
106.388705
92.555690
99.095579
106.772685
97.991941
106.690169
103.835513
116.835027
93.196384
102.099927
91.912125
100.021655
120.345763
101.859973
81.568872
94.807106
93.479414
91.535015
103.129806
104.170043
103.673345
101.031046
84.651556
97.246654
101.191426
103.755010
116.667709
96.737711
101.660146
92.118954
109.340022
109.042879
102.395350
97.365454
114.915402
109.503549
97.230170
100.832387
97.170363
97.396062
99.247390
121.419108
107.782631
101.716743
101.252633
92.390661
106.080460
97.170140
78.722612
118.439735
100.819391
102.503536
93.915410
82.706679
99.356144
102.024384
92.728392
120.887469
109.765922
122.257953
96.306454
86.939387
102.540065
109.686162
95.521505
104.064743
82.494877
95.701423
119.356146
103.272483
107.533806
98.885466
94.344955
105.033279
91.957322
100.716703
114.234652
97.164954
104.262694
84.931598
99.063285
102.554448
110.200469
92.564135
124.567037
108.643349
89.700582
119.929372
95.583746
81.985605
97.048615
110.766670
98.658104
92.927226
104.732154
110.663229
112.619592
114.297318
115.257494
118.753634
112.155730
105.336681
102.896822
97.330807
82.259728
109.454416
108.625462
95.170402
107.962372
91.360534
100.306673
111.615915
105.166259
84.019725
114.495925
96.411551
103.612421
83.472200
100.569170
99.524376
90.918207
99.688432
91.288997
87.619028
105.956509
92.530859
104.998732
105.170750
93.583598
107.868448
96.813442
87.031542
99.070963
105.644903
96.549310
107.328512
104.211708
111.829729
100.491647
119.966125
95.985078
90.091195
102.929291
102.624606
102.769073
119.133669
105.397470
105.707785
103.095294
112.912059
105.403352
90.230772
89.441566
95.417276
83.735799
106.089922
99.265089
113.982090
106.742811
85.934008
101.459743
106.354229
88.246519
92.906286
77.496341
120.919705
93.710256
118.249865
85.340175
93.159798
102.787586
111.619876
79.366312
92.174634
111.718569
101.926051
87.192760
108.487704
106.883420
99.181852
118.233905
119.181017
101.949387
99.815424
102.682572
98.130769
93.774674
107.087252
91.344759
96.605648
92.183087
91.029960
105.471670
96.522514
103.851878
107.604470
101.764927
107.181073
103.306136
100.211209
111.106363
85.830689
95.907974
102.327564
98.290837
102.654326
109.720597
93.289062
100.189591
124.855232
121.894119
99.671638
102.277319
100.721799
97.314554
90.163347
82.411778
88.748589
105.992392
109.850401
118.844152
99.391466
93.600666
99.421098
96.988456
103.624564
96.700094
87.366266
105.670168
118.878821
108.340167
85.218793
96.026653
108.367057
82.050204
93.883137
110.851436
87.673344
106.696472
92.258396
89.748443
99.167526
96.794931
105.183096
104.740762
103.386460
93.215666
83.978433
109.387582
100.403704
102.899028
97.997087
104.600956
99.303484
88.989819
101.421871
100.698560
110.026016
102.304156
98.812182
101.221307
89.002511
98.489786
95.939934
90.575780
90.643914
107.783993
106.502690
91.916472
99.089121
96.684605
90.080982
91.854935
113.812856
91.028830
74.669430
101.843362
96.580060
102.291409
95.774339
95.752784
100.370514
104.736048
107.399264
89.745048
79.910643
116.066944
88.958134
104.093661
107.828715
104.749121
102.378644
97.635547
82.898446
116.781592
109.309514
89.417125
103.642428
106.444767
118.141907
97.410543
107.599595
111.919726
92.890238
101.658291
95.622887
95.478932
93.302699
100.384429
106.989406
94.769081
101.692533
97.747965
115.204256
91.038067
105.622755
96.310397
94.244672
98.311639
83.047731
81.780878
91.007757
124.627570
92.306763
93.389602
94.432885
106.091511
101.735866
107.262323
110.587363
99.671176
95.335373
83.293707
97.328784
89.712575
102.045277
99.234339
91.848164
93.487623
91.232426
100.261252
114.550272
103.573259
89.055160
111.121854
92.295187
105.360093
105.584791
89.097086
113.033001
98.006095
106.517259
116.818792
106.812373
84.173909
103.756237
95.669004
124.828026
106.230985
82.559636
87.909000
99.947774
94.120191
90.302953
105.066530
106.217063
119.297542
104.223819
102.949904
89.412364
108.495629
88.063537
89.051854
96.506017
83.022093
109.981075
100.423569
91.135012
95.142304
102.055794
107.233639
106.805744
107.101488
100.450586
109.607589
102.179968
87.099155
95.163237
102.519660
115.790761
100.465626
84.670296
99.699857
90.357331
99.597476
89.135042
110.087588
108.998240
107.363863
87.937623
91.070581
85.134595
109.651144
105.790309
91.758325
109.397055
106.873390
115.045753
91.572584
102.697376
99.777051
103.483967
96.625719
96.234894
83.848895
112.851991
86.561061
108.366127
92.814990
87.853314
109.745050
100.431730
110.285823
96.514457
104.875346
103.891781
122.870016
104.409571
97.931318
107.377067
102.810029
94.713676
91.259313
109.790037
101.328736
94.457805
111.057601
93.559905
124.421728
113.243077
109.574209
