100, 41.000000
200, 94.000000
300, 142.600006
400, 198.800003
500, 239.100006
600, 297.200012
700, 325.500000
800, 325.399994
900, 437.600006
1000, 475.700012
1100, 498.100006
1200, 571.400024
1300, 648.299988
1400, 685.200012
1500, 742.400024
1600, 801.500000
1700, 821.099976
1800, 881.200012
1900, 918.500000
2000, 996.500000
2100, 978.099976
2200, 1073.099976
2300, 1123.199951
2400, 1158.900024
2500, 1229.500000
2600, 1282.800049
2700, 1308.800049
2800, 1408.099976
2900, 1440.699951
3000, 1480.699951
3100, 1536.300049
3200, 1508.400024
3300, 1301.699951
3400, 1568.199951
3500, 1657.900024
3600, 1694.300049
3700, 1701.199951
3800, 1658.599976
3900, 1784.199951
4000, 1868.900024
4100, 1978.000000
4200, 1948.099976
4300, 2071.699951
4400, 2129.100098
4500, 2169.100098
4600, 2250.100098
4700, 2275.699951
4800, 2343.500000
4900, 2399.199951
5000, 2395.000000
5100, 2432.300049
5200, 2487.699951
5300, 2581.399902
5400, 2642.300049
5500, 2618.399902
5600, 2644.899902
5700, 2819.500000
5800, 2844.600098
5900, 2918.399902
6000, 2918.399902
6100, 2945.800049
6200, 2992.100098
6300, 3047.199951
6400, 3177.100098
6500, 3215.100098
6600, 3307.899902
6700, 3257.100098
6800, 3373.199951
6900, 3337.800049
7000, 3442.500000
7100, 3449.800049
7200, 3510.899902
7300, 3577.399902
7400, 3657.199951
7500, 3715.100098
7600, 3777.699951
7700, 3800.199951
7800, 3835.899902
7900, 3934.100098
8000, 3987.000000
8100, 4049.000000
8200, 4108.700195
8300, 4110.200195
8400, 4138.100098
8500, 4173.500000
8600, 4270.200195
8700, 4320.100098
8800, 4414.200195
8900, 4456.000000
9000, 4455.799805
9100, 4543.700195
9200, 4570.200195
9300, 4666.100098
9400, 4608.899902
9500, 4656.600098
9600, 4625.500000
9700, 4761.700195
9800, 4723.700195
9900, 4850.299805
10000, 4872.299805
10100, 4906.500000
10200, 4943.299805
10300, 4999.799805
10400, 5081.600098
10500, 5194.299805
10600, 5170.100098
10700, 5277.500000
10800, 5272.700195
10900, 5369.200195
11000, 5345.100098
11100, 5440.399902
11200, 5529.899902
11300, 5581.500000
11400, 5517.899902
11500, 5613.500000
11600, 5682.799805
11700, 5699.500000
11800, 5770.500000
11900, 5885.299805
12000, 5936.399902
12100, 5962.000000
12200, 5964.799805
12300, 5971.700195
12400, 6122.200195
12500, 6150.000000
12600, 6160.399902
12700, 6266.000000
12800, 6330.799805
12900, 6397.399902
13000, 6387.299805
13100, 6566.000000
13200, 6501.100098
13300, 6529.500000
13400, 6650.399902
13500, 6688.600098
13600, 6720.000000
13700, 6823.399902
13800, 6848.600098
13900, 6906.700195
14000, 6956.000000
14100, 6918.200195
14200, 7016.299805
14300, 7106.600098
14400, 7092.200195
14500, 7218.200195
14600, 7269.899902
14700, 7321.500000
14800, 7282.700195
14900, 7369.200195
15000, 7439.100098
15100, 7450.399902
15200, 7529.600098
15300, 7609.500000
15400, 7610.799805
15500, 7612.000000
15600, 7788.399902
15700, 7591.799805
15800, 6578.100098
15900, 7330.299805
16000, 6863.200195
16100, 6914.600098
16200, 7690.700195
16300, 6589.100098
16400, 6917.600098
16500, 7157.500000
16600, 7498.299805
16700, 7607.000000
16800, 7700.500000
16900, 8054.500000
17000, 8277.599609
17100, 8144.299805
17200, 8170.700195
17300, 8210.400391
17400, 8481.299805
17500, 8437.299805
17600, 8342.500000
17700, 8263.500000
17800, 8406.299805
17900, 8477.500000
18000, 8437.500000
18100, 8428.900391
18200, 8776.799805
18300, 8753.500000
18400, 8898.799805
18500, 8920.099609
18600, 8979.500000
18700, 9080.700195
18800, 8020.500000
18900, 8238.799805
19000, 8797.200195
19100, 9084.799805
19200, 9111.500000
19300, 9117.500000
19400, 9111.799805
19500, 8810.099609
19600, 8358.000000
19700, 9332.599609
19800, 8601.599609
19900, 9530.599609
20000, 9420.299805
20100, 9574.799805
20200, 9694.599609
20300, 9669.799805
20400, 9656.700195
20500, 9828.400391
20600, 9972.099609
20700, 10036.299805
20800, 9722.900391
20900, 10032.099609
21000, 10035.500000
21100, 10091.500000
21200, 10187.700195
21300, 10237.299805
21400, 10332.400391
21500, 10341.700195
21600, 10451.599609
21700, 10499.900391
21800, 10420.099609
21900, 10667.900391
22000, 10911.000000
22100, 10827.400391
22200, 10849.799805
22300, 10733.299805
22400, 10909.599609
22500, 10995.099609
22600, 11000.200195
22700, 10903.000000
22800, 11087.099609
22900, 11174.799805
23000, 11219.200195
23100, 11288.900391
23200, 11296.500000
23300, 11195.099609
23400, 11441.900391
23500, 11427.099609
23600, 11584.200195
23700, 11715.400391
23800, 11650.900391
23900, 11725.799805
24000, 11774.599609
24100, 11698.799805
24200, 11847.799805
24300, 11934.000000
24400, 11922.299805
24500, 11974.000000
24600, 11934.000000
24700, 12193.900391
24800, 12209.500000
24900, 12247.500000
25000, 12193.299805
25100, 12221.299805
25200, 12127.400391
25300, 12279.200195
25400, 12151.799805
25500, 12343.799805
25600, 12282.299805
25700, 12411.900391
25800, 12387.599609
25900, 12646.700195
26000, 12657.700195
26100, 12722.599609
26200, 12707.099609
26300, 12776.000000
26400, 12745.599609
26500, 12897.900391
26600, 12931.099609
26700, 12945.200195
26800, 12867.000000
26900, 13047.799805
27000, 13073.700195
27100, 13077.099609
27200, 13270.000000
27300, 13256.900391
27400, 13292.500000
27500, 13300.599609
27600, 13403.099609
27700, 13472.599609
27800, 13535.400391
27900, 13671.799805
28000, 13706.500000
28100, 13488.599609
28200, 13777.099609
28300, 13790.799805
28400, 14039.900391
28500, 14026.299805
28600, 13914.200195
28700, 14155.200195
28800, 14076.200195
28900, 14139.400391
29000, 14103.400391
29100, 14180.000000
29200, 14341.400391
29300, 14414.500000
29400, 14345.299805
29500, 14391.700195
29600, 14629.099609
29700, 14576.200195
29800, 14586.700195
29900, 14758.400391
30000, 14736.900391
30100, 14690.799805
30200, 14766.700195
30300, 14939.400391
30400, 15056.000000
30500, 14958.400391
30600, 15041.200195
30700, 15144.599609
30800, 15155.700195
30900, 15162.200195
31000, 15339.700195
31100, 15309.299805
31200, 15353.599609
31300, 15346.900391
31400, 15451.500000
31500, 15675.000000
31600, 15803.900391
31700, 15708.799805
31800, 15800.900391
31900, 15748.000000
32000, 15824.200195
32100, 15894.299805
32200, 15950.799805
32300, 15875.000000
32400, 16013.500000
32500, 16079.599609
32600, 16157.299805
32700, 16189.599609
32800, 16405.800781
32900, 16438.599609
33000, 16299.799805
33100, 16305.000000
33200, 16585.500000
33300, 16381.200195
33400, 16571.900391
33500, 16574.400391
33600, 16529.500000
33700, 16564.099609
33800, 16676.699219
33900, 16688.500000
34000, 16743.099609
34100, 16570.099609
34200, 16727.699219
34300, 16752.900391
34400, 16714.000000
34500, 16659.599609
34600, 16692.900391
34700, 16829.000000
34800, 16876.099609
34900, 16675.000000
35000, 16762.300781
35100, 16755.400391
35200, 16633.699219
35300, 16628.199219
35400, 16691.699219
35500, 16736.699219
35600, 16649.699219
35700, 16722.300781
35800, 16616.900391
35900, 16677.300781
36000, 16622.300781
36100, 16720.900391
36200, 16766.199219
36300, 16663.199219
36400, 16737.500000
36500, 16740.800781
36600, 16625.900391
36700, 16553.199219
36800, 16641.099609
36900, 16741.300781
37000, 16729.400391
37100, 16711.599609
37200, 16711.300781
37300, 16613.800781
37400, 16710.699219
37500, 16658.300781
37600, 16672.699219
37700, 16766.300781
37800, 16860.800781
37900, 16674.500000
38000, 16770.300781
38100, 16801.400391
38200, 16697.300781
38300, 16843.000000
38400, 16746.500000
38500, 16675.699219
38600, 16730.000000
38700, 16716.199219
38800, 16891.099609
38900, 16867.500000
39000, 16749.199219
39100, 17003.199219
39200, 16803.500000
39300, 16669.099609
39400, 16784.699219
39500, 16907.599609
39600, 16803.599609
39700, 16780.000000
39800, 16739.599609
39900, 16755.699219
40000, 16684.800781
40100, 16727.400391
40200, 16632.599609
40300, 16818.400391
40400, 16808.800781
40500, 16657.699219
40600, 16878.599609
40700, 16809.199219
40800, 16827.599609
40900, 16907.800781
41000, 16742.500000
41100, 16759.099609
41200, 16769.900391
41300, 16779.699219
41400, 16755.000000
41500, 16650.400391
41600, 16708.699219
41700, 16794.500000
41800, 16655.599609
41900, 16758.599609
42000, 16849.800781
42100, 16805.699219
42200, 16766.500000
42300, 16844.099609
42400, 16754.599609
42500, 16751.699219
42600, 16655.800781
42700, 16712.800781
42800, 16849.199219
42900, 16950.099609
43000, 16928.500000
43100, 16690.300781
43200, 16757.400391
43300, 16805.400391
43400, 16660.599609
43500, 16866.599609
43600, 16752.099609
43700, 16869.699219
43800, 16648.800781
43900, 16730.800781
44000, 16849.500000
44100, 16846.400391
44200, 16724.900391
44300, 16844.699219
44400, 16771.699219
44500, 16729.199219
44600, 16888.800781
44700, 16785.000000
44800, 16777.099609
44900, 16550.199219
45000, 16790.199219
45100, 16788.000000
45200, 16679.800781
45300, 16769.699219
45400, 16917.300781
45500, 16633.900391
45600, 16770.500000
45700, 16723.900391
45800, 16811.300781
45900, 16871.599609
46000, 16820.099609
46100, 16878.099609
46200, 16761.800781
46300, 16833.199219
46400, 16629.800781
46500, 16792.300781
46600, 16748.400391
46700, 16784.800781
46800, 16771.400391
46900, 16863.000000
47000, 16814.800781
47100, 16686.900391
47200, 16790.099609
47300, 16798.800781
47400, 16718.199219
47500, 16750.099609
47600, 16730.699219
47700, 16666.599609
47800, 16684.800781
47900, 16771.199219
48000, 16866.900391
48100, 16754.400391
48200, 16753.000000
48300, 16739.400391
48400, 16821.400391
48500, 16749.500000
48600, 16757.099609
48700, 16893.699219
48800, 16783.199219
48900, 16775.000000
49000, 16779.400391
49100, 16829.500000
49200, 16865.599609
49300, 16528.199219
49400, 16814.099609
49500, 16693.400391
49600, 16777.199219
49700, 16805.800781
49800, 16749.199219
49900, 16812.199219
50000, 16628.300781
