5000
0.19
0.37
0.22
0.14
0.05
0.48
0.47
0.35
0.77
0.96
0.04
0.37
0.71
0.71
0.43
0.23
0.40
0.49
0.50
0.24
0.19
0.35
0.69
0.31
0.48
0.60
0.46
0.81
0.38
0.42
0.49
0.01
0.48
0.64
0.61
0.49
0.24
0.85
0.47
0.83
0.31
0.77
0.31
0.34
0.34
0.77
0.57
0.88
0.75
0.51
0.71
0.67
0.08
0.54
0.41
0.43
0.36
0.66
0.44
0.62
0.20
0.92
0.82
0.98
0.08
0.18
0.33
0.76
0.70
0.54
0.23
0.83
0.86
0.40
0.96
0.60
0.20
0.86
0.61
0.28
0.54
0.77
1.00
0.33
0.22
0.57
0.52
0.65
0.44
0.16
0.82
0.21
0.12
0.93
0.87
0.52
0.51
0.25
0.68
0.29
0.97
0.21
0.73
0.45
0.87
0.36
0.99
0.75
0.13
0.85
0.51
0.37
0.26
0.43
0.42
0.64
0.45
0.90
0.78
0.72
0.93
0.85
0.94
0.43
0.74
0.34
0.54
0.66
0.69
0.02
0.53
0.31
0.15
0.15
0.45
0.29
0.14
0.29
0.61
0.51
0.36
0.10
0.37
0.59
0.84
0.66
0.55
0.86
0.13
0.45
0.29
0.03
0.08
0.45
0.33
0.64
0.82
0.42
0.87
0.73
0.44
0.28
0.16
0.09
0.55
0.08
0.69
0.75
0.56
0.15
0.97
0.11
0.24
0.42
0.67
1.00
0.79
0.82
0.19
0.95
0.23
0.20
0.02
0.23
0.03
0.67
0.22
0.90
0.88
0.40
0.68
0.21
0.31
0.58
0.33
0.45
1.00
0.47
0.73
0.14
0.49
0.38
0.43
0.57
0.49
0.74
0.02
0.22
0.38
0.37
0.67
0.46
0.99
1.00
0.66
0.98
0.25
0.35
0.81
0.88
0.51
0.62
0.46
0.73
0.19
0.05
0.57
0.41
0.94
0.13
0.72
0.65
0.84
0.22
0.64
0.08
0.25
0.73
0.01
0.56
0.47
0.90
0.84
0.80
0.79
0.90
0.35
0.97
0.46
0.99
0.50
0.51
0.05
0.32
0.53
0.62
0.88
0.35
0.68
0.27
0.43
0.35
0.93
0.25
0.42
0.77
0.35
0.46
0.47
0.80
0.32
1.00
0.68
0.73
0.59
0.72
0.24
0.69
0.41
0.06
0.10
0.91
0.39
0.89
0.82
0.16
0.16
0.54
0.29
0.83
0.79
0.15
0.90
0.76
0.61
0.13
0.61
0.68
0.38
0.68
0.20
0.69
0.85
0.61
0.47
0.49
0.25
0.66
0.99
0.74
0.35
0.69
0.87
0.55
0.49
0.75
0.74
0.15
0.51
0.97
0.67
0.94
0.24
0.94
0.77
0.57
0.78
0.95
0.74
0.95
0.84
0.54
0.88
0.73
0.96
0.65
0.61
0.57
0.75
0.31
0.32
0.58
0.57
0.37
0.57
0.78
0.67
0.89
0.29
0.54
0.37
0.89
0.08
0.50
0.73
0.04
0.70
0.44
0.72
0.79
0.05
0.83
0.49
0.70
0.84
0.18
0.59
0.41
0.47
0.64
0.28
0.01
0.15
0.14
0.95
0.12
0.45
0.84
0.45
0.57
0.21
0.46
0.98
0.78
0.09
0.14
0.50
0.25
0.62
0.23
0.70
0.89
0.53
0.25
0.66
0.41
0.16
0.82
0.37
0.33
0.77
0.12
0.73
0.61
0.75
0.84
0.89
0.83
0.85
0.64
0.32
0.40
0.97
0.48
0.30
0.54
0.75
0.66
0.79
0.44
0.42
0.12
0.14
0.29
0.23
0.54
0.59
0.62
0.82
0.99
0.17
0.75
0.67
0.47
0.72
0.23
0.01
0.93
0.63
0.70
0.81
0.53
0.60
0.95
0.04
0.78
0.92
0.40
0.78
0.52
0.78
0.59
0.47
0.90
0.85
0.90
0.60
0.07
0.16
0.39
0.27
0.03
0.27
0.33
0.01
0.36
0.31
0.85
0.40
0.58
0.13
0.65
0.08
0.71
0.07
0.94
0.57
0.92
0.35
0.25
0.40
0.58
0.40
0.92
0.37
0.64
0.49
0.36
0.40
0.14
0.77
0.96
0.33
0.50
0.83
0.16
0.53
0.84
0.12
0.68
0.89
0.80
0.43
0.90
0.46
0.70
0.99
0.26
0.82
0.53
0.03
0.14
0.14
0.13
0.60
0.80
0.41
0.59
0.42
0.65
0.94
0.46
0.63
0.07
0.37
0.15
0.05
0.15
0.45
0.53
0.89
0.03
0.54
0.95
0.27
0.73
0.02
0.92
0.87
0.49
0.71
0.69
0.10
0.37
0.74
0.50
0.12
0.45
0.28
0.79
0.59
0.63
0.90
0.81
0.22
0.48
0.63
0.04
0.54
0.78
0.48
0.75
0.80
0.77
0.37
0.56
0.79
0.05
0.27
0.07
0.73
0.94
0.47
0.56
0.85
0.58
0.63
0.62
0.40
0.97
0.13
0.99
0.86
0.39
0.33
0.97
0.91
0.88
0.33
0.09
0.70
0.32
0.02
0.11
0.75
0.33
0.98
0.46
0.44
0.29
0.60
0.29
0.61
0.95
0.34
0.30
0.34
0.38
0.85
0.66
0.28
0.51
0.23
0.51
0.10
0.88
0.05
0.40
0.42
0.70
0.09
0.72
0.10
0.99
0.87
0.07
0.23
0.14
0.33
0.33
0.59
0.83
0.28
0.94
0.70
0.52
0.03
0.80
0.04
0.24
0.87
0.76
0.97
0.63
0.73
0.68
0.34
0.57
0.58
0.97
0.47
0.38
0.38
0.98
0.85
0.47
0.85
0.22
0.44
0.52
0.52
0.90
0.55
0.13
0.43
0.23
0.74
0.87
0.88
0.78
0.87
0.65
0.48
0.30
0.55
0.23
0.11
0.67
0.62
0.50
1.00
0.54
0.05
0.49
0.61
0.12
0.02
0.04
0.92
0.82
0.83
0.58
0.10
0.98
0.97
0.27
0.04
0.67
0.25
0.74
0.94
0.92
0.72
0.77
0.94
0.05
0.05
0.73
0.28
0.92
0.52
0.90
0.15
0.91
0.46
0.73
0.60
0.07
0.36
0.24
0.53
0.99
0.58
1.00
0.12
0.09
0.55
0.19
0.21
0.69
0.46
0.41
0.82
0.80
0.15
0.10
0.47
0.03
0.50
0.35
0.05
0.45
0.67
0.93
0.32
0.58
0.05
0.72
0.50
0.02
0.53
0.63
0.69
0.51
0.74
0.79
0.04
0.25
0.96
0.11
0.50
0.17
0.33
0.98
0.19
0.37
0.45
0.71
0.18
0.85
0.35
0.77
0.33
0.86
1.00
0.72
0.03
0.26
0.16
0.61
0.54
0.82
0.91
0.88
0.78
0.08
0.77
0.61
0.45
0.50
0.74
0.91
0.19
0.30
0.49
0.27
0.06
0.09
0.15
0.58
0.14
0.18
0.95
0.10
0.99
0.38
0.59
0.85
0.19
0.20
0.48
0.10
0.44
0.84
0.20
0.02
0.46
0.58
0.68
0.84
0.73
0.65
0.39
0.36
0.26
0.82
0.39
0.14
0.17
0.33
0.67
0.72
0.18
0.65
0.74
0.88
0.79
0.40
0.25
0.13
0.78
0.75
0.79
0.55
0.66
0.94
0.01
0.58
0.54
0.82
0.18
0.21
0.79
0.77
0.44
0.54
0.36
0.29
0.22
0.03
0.23
0.06
0.70
0.91
0.33
0.95
0.20
0.88
0.19
0.81
0.65
0.49
0.97
0.67
0.38
0.80
0.67
0.43
0.79
0.90
0.74
0.48
0.38
0.64
0.32
0.85
0.62
0.34
0.02
0.61
0.83
0.92
0.02
0.98
0.25
0.89
0.98
0.18
0.03
0.71
0.89
0.52
0.04
0.33
0.90
0.86
0.24
0.37
0.24
0.56
0.59
0.31
0.86
0.46
0.79
0.58
0.04
0.24
0.72
0.28
0.71
0.74
0.85
0.41
0.56
0.90
0.33
0.30
0.55
0.14
0.33
0.21
0.07
0.80
0.67
0.07
0.07
0.73
0.38
0.09
0.46
0.72
0.56
0.88
0.88
0.23
0.10
0.88
0.93
0.59
0.94
0.80
0.35
0.11
0.44
0.58
0.70
0.37
0.70
0.69
0.33
0.12
0.65
0.78
0.10
0.15
0.51
0.64
0.50
0.53
0.54
0.85
0.05
0.37
0.23
0.69
0.28
0.03
0.18
1.00
0.71
0.70
0.56
0.62
0.78
0.14
0.30
0.48
0.20
0.29
0.53
0.92
0.24
0.88
0.13
0.86
0.10
0.83
0.59
0.50
0.57
0.25
0.83
0.58
0.92
0.70
0.21
0.01
0.44
0.14
0.52
0.18
0.31
0.06
0.06
0.96
0.31
0.79
0.33
0.29
0.75
0.95
0.91
0.06
0.94
0.07
0.65
0.77
0.16
0.73
0.80
0.53
0.38
0.25
0.08
0.25
0.06
0.65
0.21
0.26
0.38
0.65
0.18
0.95
0.37
0.95
0.02
0.47
0.57
0.24
0.13
0.32
0.57
0.09
0.35
0.19
0.32
0.46
0.49
0.56
0.18
0.25
0.17
0.45
0.82
0.49
0.92
0.65
0.16
0.26
0.47
0.43
0.73
0.91
0.09
0.80
0.55
0.28
0.20
0.08
0.75
0.58
0.46
0.50
0.44
0.02
0.03
0.82
0.81
0.65
0.49
0.40
0.93
0.92
0.16
0.46
0.63
0.48
0.91
0.55
0.03
0.71
0.80
0.42
0.35
0.63
0.53
0.06
0.27
0.39
0.17
0.46
0.75
0.47
0.71
0.14
0.15
0.27
0.65
0.13
0.09
0.21
0.33
0.75
0.25
0.64
0.38
0.01
0.85
0.22
0.52
0.78
0.93
0.06
0.79
0.68
0.97
0.77
0.47
0.97
0.82
0.57
0.08
0.85
0.02
0.86
0.41
0.78
0.95
0.96
0.98
0.76
0.24
1.00
0.90
0.25
0.88
0.49
0.49
0.30
0.21
0.27
0.26
0.66
0.72
0.04
0.19
0.28
0.81
0.56
0.07
0.91
0.29
0.29
0.10
0.91
0.62
0.63
0.82
0.73
0.55
0.11
0.20
0.56
0.88
0.24
1.00
0.03
0.67
0.65
0.97
0.34
0.41
0.92
0.57
0.03
0.55
0.73
0.68
0.40
0.66
0.07
0.79
0.18
0.01
0.69
0.89
0.36
0.10
0.14
0.46
0.37
0.06
0.81
0.81
0.23
0.52
0.86
0.18
0.96
0.81
0.74
0.73
0.50
0.92
0.07
0.83
0.47
0.76
0.20
0.79
0.21
0.12
0.65
0.05
0.40
0.64
0.08
0.79
0.73
0.86
0.93
0.77
0.39
0.88
0.88
0.91
0.15
0.11
0.73
0.89
0.42
0.45
0.94
0.11
0.84
0.71
0.39
0.17
0.24
0.18
0.45
0.46
0.07
0.15
0.37
0.90
0.30
0.47
0.20
0.09
0.45
0.57
0.69
0.04
0.17
0.83
0.69
0.50
0.66
0.53
0.81
0.40
0.51
0.04
0.14
0.36
0.52
0.13
0.13
0.61
0.28
0.04
0.30
0.45
0.06
0.54
0.28
0.42
0.87
0.75
0.83
0.42
0.50
0.35
0.77
0.88
0.29
0.27
0.87
0.64
0.81
0.31
0.68
0.92
0.59
0.48
0.24
0.28
0.96
0.71
0.01
0.73
0.58
0.81
0.19
0.24
0.76
0.90
0.25
0.73
0.77
0.95
0.82
0.53
0.03
0.19
0.34
0.51
0.14
0.01
0.17
0.95
0.87
0.94
0.91
0.91
0.19
0.08
0.45
0.72
0.60
0.67
0.89
0.70
0.65
0.75
0.24
0.62
0.16
0.49
0.68
0.19
0.13
0.28
0.66
0.36
0.62
0.68
0.48
0.69
0.79
0.73
0.68
0.70
0.77
0.56
0.62
0.81
0.66
0.45
0.08
0.58
0.72
0.67
0.12
0.09
0.74
0.29
0.75
0.19
0.32
0.08
0.95
0.02
0.16
0.39
0.51
0.25
0.97
0.54
1.00
0.75
0.38
0.81
0.17
0.31
0.70
0.73
0.42
0.94
0.94
0.69
0.83
0.19
0.20
0.64
0.39
0.72
0.97
0.70
0.80
0.39
0.41
0.07
0.36
0.01
0.10
0.72
0.69
0.58
0.43
0.05
0.97
0.74
0.28
0.60
0.53
0.55
0.67
0.84
0.47
0.47
1.00
0.67
0.16
0.47
0.91
0.01
0.82
0.36
0.05
0.15
0.84
0.62
0.52
0.39
0.80
0.04
0.39
0.39
0.50
0.57
0.49
0.06
0.67
0.68
0.99
1.00
0.36
0.45
0.45
0.54
0.16
0.79
0.13
0.83
0.28
0.40
0.11
0.20
0.23
0.17
0.66
0.80
0.97
0.77
0.47
0.01
0.75
0.86
0.03
0.95
0.61
0.60
0.71
0.65
0.68
0.03
0.20
0.69
0.58
0.51
0.06
0.27
0.65
0.28
0.62
0.39
0.84
0.69
0.29
0.87
0.04
0.72
0.98
0.15
0.40
0.60
0.62
0.44
0.07
0.40
0.43
0.62
0.11
0.53
0.85
0.44
0.33
0.07
0.07
0.04
0.84
0.97
0.38
0.67
0.33
0.62
0.35
0.22
0.41
0.21
0.44
0.53
0.89
1.00
0.38
0.02
0.97
0.07
0.36
0.96
0.70
0.76
0.96
0.78
0.58
0.96
0.22
0.01
0.41
0.10
0.74
0.92
0.68
0.26
0.78
0.61
0.36
0.85
0.41
1.00
0.33
0.18
0.14
0.70
0.98
0.71
0.30
0.53
0.71
0.10
0.43
0.69
0.53
0.06
0.59
0.40
0.59
0.53
0.85
1.00
0.67
0.36
0.05
0.29
0.98
0.40
0.48
0.61
0.98
0.37
0.75
0.08
0.29
0.07
0.49
0.85
0.82
0.92
0.19
0.76
0.14
0.03
0.03
0.17
0.39
0.13
0.10
0.46
0.47
0.29
0.34
0.70
0.58
0.73
0.53
0.55
0.01
0.57
1.00
0.55
0.91
0.70
0.75
0.29
0.58
0.27
0.48
0.94
0.75
0.82
0.69
0.77
0.27
0.88
0.31
0.65
0.25
0.67
0.77
0.76
0.92
0.49
0.26
0.75
0.75
0.01
0.71
0.47
0.26
0.79
0.82
0.94
0.35
0.99
0.70
0.75
0.51
0.13
0.14
0.80
0.17
0.02
0.87
0.96
0.94
0.71
0.57
0.11
0.06
0.94
0.61
0.42
1.00
0.02
0.24
0.84
0.95
0.38
0.69
0.37
0.11
0.48
0.01
0.13
0.05
0.02
0.12
0.13
0.66
0.54
0.43
0.16
0.98
0.53
0.99
0.33
0.74
0.76
0.34
0.27
0.47
0.41
0.16
0.98
0.84
0.07
0.33
0.17
0.93
0.71
0.65
0.77
0.48
0.64
0.81
0.58
0.50
0.78
0.38
0.12
0.84
0.52
0.42
0.47
0.08
0.49
0.44
0.40
0.42
0.76
0.11
0.46
0.16
0.37
0.30
0.27
0.03
0.51
0.08
0.94
0.46
0.07
0.82
0.24
0.42
0.90
0.33
0.58
0.48
0.65
0.61
0.10
0.84
0.58
0.50
0.45
0.82
0.78
0.66
0.99
0.74
0.85
0.34
0.12
0.71
0.90
0.71
0.01
0.02
0.42
0.79
0.97
0.33
0.31
0.69
0.30
0.97
0.07
0.61
0.76
0.18
0.89
0.60
0.88
0.97
0.28
0.60
0.82
0.48
0.01
0.24
0.16
0.73
0.61
0.15
0.71
0.08
0.21
0.52
0.99
0.30
0.05
0.72
0.75
0.83
0.58
0.22
0.32
0.53
0.41
0.01
0.67
0.43
0.37
0.32
0.83
0.27
0.96
0.46
0.07
0.23
0.92
0.68
0.36
0.59
0.70
0.46
0.77
0.38
0.17
0.34
0.59
0.74
0.33
0.42
0.77
0.99
0.47
0.78
0.05
0.92
0.24
0.29
0.08
0.23
0.55
0.91
0.59
0.84
0.77
0.04
0.55
0.86
0.48
0.47
0.88
0.45
0.83
0.36
0.76
0.25
0.80
0.11
0.72
0.84
0.10
0.46
0.33
0.32
0.21
0.26
0.67
0.89
0.22
0.35
0.09
0.95
0.52
0.38
0.28
0.07
0.79
0.50
0.06
0.15
0.36
0.47
0.19
0.93
0.91
0.36
0.35
0.32
0.86
0.98
0.05
0.93
0.75
0.74
0.20
0.83
0.04
0.72
0.59
0.15
0.06
0.92
0.51
0.58
0.44
0.75
1.00
0.86
0.12
0.67
0.68
0.58
0.04
0.42
0.31
0.36
0.05
0.19
0.02
0.42
0.58
0.28
0.81
0.02
0.79
0.77
0.11
0.62
0.44
0.39
0.21
0.30
0.17
0.32
0.21
0.83
0.94
0.42
0.24
0.73
0.64
0.58
0.78
0.77
0.08
0.40
0.27
0.85
0.63
0.93
0.82
0.55
0.70
0.75
0.60
0.72
0.07
0.70
0.10
0.97
0.42
0.13
0.55
0.47
0.23
0.34
0.23
0.69
0.38
0.06
0.82
0.49
0.79
0.33
0.96
0.08
0.43
0.85
0.19
0.72
0.97
0.79
0.93
0.11
0.71
0.39
0.02
0.30
0.17
0.40
0.83
0.12
0.31
0.45
0.66
0.63
0.71
0.18
0.04
0.22
0.30
0.60
0.68
0.41
0.12
0.06
0.70
0.65
0.96
0.47
0.80
0.23
0.19
0.69
0.21
0.83
0.10
0.17
0.88
0.56
0.64
0.76
0.66
0.38
0.60
0.74
0.58
0.47
0.06
0.63
0.11
0.89
0.04
0.25
0.20
0.80
1.00
0.66
0.68
0.87
0.37
0.22
0.83
0.97
0.94
0.15
0.80
0.50
0.51
0.78
0.99
0.90
0.16
0.15
0.37
0.78
0.57
0.06
0.11
0.12
0.94
0.99
0.40
0.39
0.34
0.52
0.39
0.50
0.22
0.55
0.21
0.24
0.30
0.86
0.01
0.52
0.29
0.79
0.76
0.12
0.31
0.82
0.11
0.80
0.33
0.39
0.63
0.07
0.39
0.08
0.36
0.26
0.85
0.54
0.05
0.89
0.62
0.36
0.05
0.74
0.10
0.10
0.33
0.93
0.10
0.56
0.63
0.06
0.14
0.08
0.79
0.43
0.19
0.85
0.22
0.77
0.43
0.10
0.68
0.41
0.06
0.44
0.31
0.14
0.11
0.27
0.27
0.21
0.13
0.40
0.35
0.06
0.82
0.16
0.22
0.60
0.70
0.06
0.23
0.21
0.92
0.72
0.96
0.27
0.19
0.87
0.20
0.09
0.61
0.61
0.41
0.96
0.21
0.34
0.65
0.58
0.48
0.82
0.07
0.24
0.10
0.87
0.18
0.67
0.02
0.27
0.80
0.51
0.43
0.54
1.00
0.10
0.24
0.29
0.29
0.62
0.92
0.71
0.60
0.83
0.91
0.61
0.11
0.88
0.59
0.88
0.35
0.98
0.53
0.92
0.16
0.03
0.84
0.27
0.03
0.14
0.96
0.24
0.40
0.19
0.67
0.08
0.23
0.41
0.01
0.13
0.73
0.43
0.06
0.90
0.32
0.67
0.36
0.50
0.27
0.52
0.67
0.60
0.74
0.10
0.95
0.67
0.45
0.99
0.59
0.58
0.23
0.08
0.80
0.09
0.92
0.48
0.03
0.69
0.56
0.13
0.41
0.04
0.45
0.84
0.60
0.05
0.37
0.42
0.22
0.94
0.28
0.87
0.80
0.63
0.88
0.82
0.93
0.69
0.80
0.54
0.74
0.71
0.68
0.95
0.81
0.45
0.11
0.42
0.56
0.08
0.63
0.22
0.24
0.34
0.41
0.71
0.61
0.38
0.22
0.05
0.32
0.51
0.14
0.52
0.26
0.84
0.22
0.70
0.15
0.24
0.89
0.37
0.35
0.26
0.27
0.99
0.74
0.20
0.05
0.42
0.76
0.24
0.13
0.99
0.39
0.97
0.77
0.59
0.84
0.24
0.59
0.18
0.11
0.24
0.28
0.83
0.90
0.06
0.57
0.39
0.98
0.97
0.53
0.51
0.68
0.23
0.77
0.32
0.38
0.05
0.76
0.80
0.11
0.20
0.41
0.78
0.72
0.75
0.69
0.23
0.72
0.11
0.53
0.94
0.35
0.97
0.79
0.32
0.34
0.02
0.86
0.48
0.77
0.13
0.33
0.87
0.77
1.00
0.74
0.85
0.92
0.35
0.84
0.77
0.68
0.96
0.52
0.74
0.42
0.23
0.98
0.47
0.25
0.06
0.08
0.16
0.75
0.08
0.61
0.78
0.16
0.33
0.92
0.98
0.42
0.89
0.01
0.53
0.37
0.37
0.49
0.01
0.39
0.21
0.26
0.53
0.92
0.54
0.68
0.32
0.46
0.65
0.46
0.67
0.01
0.22
0.33
0.24
0.79
0.04
0.53
0.84
0.76
0.09
0.56
0.74
0.86
0.45
0.17
0.57
0.84
0.94
0.88
0.07
0.92
0.33
0.78
0.30
0.65
0.91
0.88
0.96
0.73
0.67
0.60
0.44
0.10
0.98
0.52
0.79
0.89
0.52
0.39
0.53
0.02
0.02
0.35
0.83
0.30
0.08
0.71
0.35
0.54
0.27
0.03
0.06
0.67
0.54
0.89
0.48
0.44
0.59
0.41
0.12
0.25
0.05
0.48
0.54
0.89
0.27
0.57
0.56
0.96
0.24
0.14
0.20
0.73
0.51
0.56
0.94
0.65
0.25
0.31
0.01
0.04
1.00
0.57
0.14
0.72
0.56
0.84
0.29
0.78
0.09
0.74
0.03
0.74
0.33
0.36
0.34
0.15
0.17
0.93
0.18
0.89
0.46
0.11
0.78
0.27
0.99
0.96
0.32
0.84
0.21
0.66
0.36
0.75
0.20
0.77
0.56
0.85
0.90
0.67
0.69
0.69
0.01
0.53
0.41
0.68
0.56
0.77
0.29
0.63
0.96
0.39
0.49
0.36
0.34
0.36
0.71
0.89
0.93
0.99
0.01
0.83
0.49
0.10
0.22
0.31
0.77
0.79
0.37
0.41
0.72
0.10
0.40
0.94
0.81
0.86
0.04
0.98
0.73
0.66
0.83
0.51
0.09
0.64
0.77
0.25
0.43
0.64
0.47
0.93
0.87
0.72
0.78
0.05
0.26
0.96
0.65
0.66
0.30
0.72
0.47
0.46
0.05
0.76
0.27
0.69
0.08
0.29
0.58
0.06
0.80
0.21
0.69
0.69
0.05
0.90
0.52
0.50
0.44
0.96
0.14
0.45
0.73
0.92
0.38
0.20
0.81
0.59
0.48
0.07
0.46
0.10
0.18
0.75
0.92
0.86
0.56
0.47
0.12
0.05
0.23
0.45
0.83
0.77
0.20
0.79
0.54
0.95
0.76
0.61
0.54
0.57
0.49
0.27
0.90
0.10
0.79
0.86
0.13
0.48
0.82
0.08
0.75
0.66
0.59
0.99
0.57
0.82
0.99
0.65
0.17
0.20
0.09
0.60
0.42
0.52
0.15
0.23
0.27
0.79
0.14
0.24
0.60
0.03
0.95
0.13
0.78
0.24
0.02
0.28
0.70
0.76
0.78
0.43
0.10
0.99
0.25
0.22
0.23
0.42
0.34
0.68
0.94
0.72
0.48
0.75
0.17
0.58
0.78
0.88
0.90
0.05
0.85
0.61
0.43
0.68
0.38
0.37
0.10
0.37
0.16
0.83
0.88
0.08
0.74
0.01
0.08
0.71
0.15
0.33
0.90
0.68
0.44
0.43
0.62
0.92
0.23
0.40
0.93
0.48
1.00
0.58
0.18
0.67
0.94
0.13
0.13
0.43
0.61
0.87
0.08
0.93
0.01
0.33
0.02
0.68
0.71
0.84
0.43
0.68
0.23
0.19
0.45
0.90
0.15
0.95
0.87
0.65
0.11
0.38
0.22
0.95
0.38
0.27
0.26
0.23
0.97
0.53
0.72
0.06
0.63
0.65
1.00
0.21
0.93
0.96
0.44
0.48
0.35
0.71
0.58
0.55
0.62
0.54
0.48
0.11
0.45
0.39
0.26
0.51
0.97
0.46
0.78
0.87
0.46
0.89
0.08
0.91
0.20
0.43
0.71
0.19
0.23
0.45
0.70
0.80
0.55
0.20
0.45
0.31
0.64
0.32
0.99
0.86
0.97
0.99
0.41
0.05
0.64
0.21
0.62
0.92
0.29
0.99
0.15
0.07
0.31
0.07
0.47
0.39
0.17
0.01
0.09
0.90
0.66
0.98
0.33
0.95
0.69
0.38
0.54
0.22
1.00
0.45
0.50
0.53
0.18
0.64
0.59
0.82
0.21
0.95
0.74
0.55
0.60
0.13
0.20
0.88
0.90
0.69
0.43
0.20
0.81
0.12
0.42
0.77
0.52
0.13
0.06
1.00
0.34
0.16
0.77
0.47
0.34
0.53
0.13
0.86
0.72
0.91
0.49
0.16
0.95
0.26
0.95
0.65
0.45
0.83
0.83
0.63
0.23
0.81
0.67
0.30
0.06
0.73
0.93
0.09
0.66
0.04
0.32
0.85
0.76
0.27
0.99
0.48
0.21
0.87
0.77
0.16
0.23
0.67
0.51
0.02
0.56
0.60
0.58
0.46
0.05
0.24
0.30
0.89
0.99
0.41
0.15
0.50
0.05
0.67
0.87
0.86
0.53
0.98
0.29
0.67
0.62
0.46
0.12
0.18
0.12
0.17
0.51
0.58
0.63
0.23
0.05
0.15
0.48
0.87
0.72
0.85
0.43
0.19
0.66
0.03
0.62
0.91
0.99
0.33
0.27
0.52
0.43
0.24
0.87
0.61
0.82
0.15
0.32
0.02
0.30
0.42
0.72
0.55
0.08
0.63
0.99
0.30
0.22
0.77
0.34
0.05
0.67
0.23
0.22
1.00
0.65
0.08
0.42
0.67
0.76
0.16
0.33
0.52
0.47
0.83
0.46
0.95
0.50
0.54
0.90
0.41
0.03
1.00
0.30
0.63
0.08
0.91
0.41
0.23
0.23
0.15
0.79
0.27
0.38
0.25
0.96
0.65
0.81
0.38
0.33
0.97
0.02
0.52
0.48
0.87
0.47
0.35
0.44
0.66
0.60
0.33
0.19
0.65
0.80
0.15
0.64
0.36
0.87
0.29
0.98
0.52
0.99
0.39
0.87
0.07
0.61
0.87
0.27
0.07
0.98
0.02
0.60
0.60
0.28
0.70
0.47
0.25
0.56
1.00
0.29
1.00
0.79
0.28
0.96
0.05
0.15
0.50
0.70
0.31
0.20
0.12
0.76
0.29
0.81
0.95
0.67
0.55
0.08
0.17
0.54
0.15
0.11
0.25
0.32
0.22
0.71
0.86
0.55
0.51
0.21
0.24
0.60
0.20
0.85
0.59
0.51
0.34
0.95
0.05
0.01
0.51
0.15
0.51
0.97
0.58
0.98
0.71
0.82
0.58
0.76
0.87
0.27
0.73
0.33
0.30
0.49
0.23
0.40
0.98
0.49
0.34
0.59
0.84
0.90
0.52
0.86
0.53
0.51
0.14
0.56
0.79
0.43
0.06
0.05
0.80
0.08
0.90
0.45
0.78
0.73
0.51
0.13
0.61
0.51
0.65
0.80
0.43
0.68
0.49
0.42
0.30
0.01
0.08
0.82
0.16
0.63
0.24
0.25
0.09
0.34
0.49
0.69
0.50
0.84
0.51
0.87
0.61
0.20
0.57
0.36
0.04
0.68
0.74
0.41
0.64
0.47
0.39
0.38
0.34
0.29
0.40
0.80
0.61
0.46
0.80
0.87
0.46
0.73
0.07
0.25
0.26
0.29
0.81
0.88
0.50
0.50
0.51
0.77
0.38
0.03
0.54
0.16
0.91
0.98
0.64
0.24
0.04
0.54
0.64
0.14
0.23
0.91
0.30
0.70
0.72
0.86
0.44
0.83
0.85
0.73
0.27
0.16
0.99
0.42
0.33
0.48
0.83
0.44
0.96
0.48
0.91
0.78
0.40
0.29
0.71
0.13
0.83
0.29
0.35
0.91
0.61
0.50
0.29
0.85
0.44
0.01
0.76
0.76
0.65
0.92
0.22
0.36
0.28
0.35
0.13
0.79
0.24
0.65
0.17
0.13
0.04
0.85
0.98
0.32
0.13
0.44
0.56
0.35
0.29
0.19
0.98
0.16
0.17
0.81
0.94
0.33
0.03
0.51
0.97
0.99
1.00
0.51
0.32
0.13
0.76
0.72
0.33
0.49
0.14
0.87
0.26
0.07
0.61
0.82
0.61
0.13
1.00
0.80
0.24
0.36
0.38
0.77
0.04
0.50
0.58
0.39
0.26
0.02
0.34
0.10
0.43
0.40
0.75
0.72
0.09
0.35
0.07
0.71
0.01
0.36
0.40
0.69
0.70
0.13
0.84
0.15
0.26
0.04
0.45
0.41
0.28
0.82
0.29
0.33
0.45
0.83
0.69
0.35
0.33
0.80
0.51
0.95
0.44
0.09
0.33
0.28
0.04
0.42
0.69
0.21
0.56
0.15
0.21
0.86
0.40
0.42
0.19
0.18
0.66
0.05
0.72
0.19
0.24
0.41
0.60
0.82
0.58
0.91
0.77
0.41
0.70
0.75
0.18
0.68
0.65
0.46
0.63
0.94
0.61
0.33
0.47
0.41
0.82
0.50
0.67
0.83
0.37
0.01
0.05
0.24
0.93
0.65
0.52
0.40
0.49
0.97
0.63
0.85
0.56
0.35
0.96
0.65
0.86
0.30
0.08
0.18
0.57
0.34
0.78
0.47
0.43
0.59
1.00
0.39
0.96
0.04
0.53
0.55
0.87
0.22
0.38
0.73
0.80
0.93
0.33
0.42
0.02
0.53
0.60
0.29
0.27
0.54
0.61
0.97
0.92
0.87
0.67
0.02
0.55
0.34
0.94
0.57
0.91
0.57
0.02
0.71
0.27
0.58
0.58
0.69
0.31
0.76
0.04
0.49
0.81
0.90
0.46
0.82
0.04
1.00
0.16
0.76
0.54
0.65
0.44
0.37
0.14
0.97
0.19
0.92
0.60
0.88
0.54
0.70
0.47
0.43
0.55
0.13
0.54
0.83
0.90
0.42
0.15
0.29
0.14
0.05
0.15
0.60
0.95
0.23
0.34
0.24
0.69
0.23
0.87
0.09
0.18
0.81
0.21
0.10
0.34
0.92
0.26
0.72
0.21
0.73
0.07
0.96
0.58
0.99
0.22
0.57
0.49
0.89
0.84
0.28
0.63
0.61
0.61
0.93
0.39
0.73
0.99
0.39
0.67
0.28
0.71
0.82
0.23
0.72
0.28
0.04
0.56
0.86
0.89
0.60
0.30
0.16
0.27
0.29
0.49
0.32
0.24
0.70
0.59
0.06
0.17
0.76
0.31
0.65
0.95
0.91
0.09
0.24
0.78
0.27
0.55
0.84
0.72
0.01
0.64
0.86
0.31
0.43
0.86
0.22
0.98
1.00
0.68
0.89
0.16
0.10
0.50
0.94
0.43
0.15
0.04
0.30
0.70
0.58
0.74
0.96
0.52
0.25
0.79
0.30
0.90
0.26
0.14
0.18
0.87
0.97
0.26
0.18
0.62
0.31
0.68
0.90
0.32
0.85
0.94
0.87
0.27
0.87
0.11
0.57
0.03
0.28
0.70
0.17
0.20
0.21
0.43
0.06
0.70
0.19
0.30
0.26
0.44
0.36
0.25
0.82
0.36
0.61
0.89
0.38
0.87
0.66
0.86
0.62
0.69
0.79
0.64
0.40
0.46
0.37
0.35
0.54
0.03
0.90
0.23
0.59
0.69
0.65
0.18
0.40
0.13
0.94
0.54
0.19
0.34
0.24
0.84
0.26
0.38
0.33
1.00
0.50
0.82
0.50
0.81
0.63
0.76
0.66
0.62
0.95
0.17
0.34
0.70
0.19
0.58
0.96
0.07
0.91
0.88
0.50
0.39
0.67
0.08
0.13
0.08
0.57
0.85
0.28
0.03
0.62
0.81
0.43
0.84
0.09
0.49
0.87
0.87
0.83
0.11
0.34
0.37
0.33
0.98
0.34
0.16
0.81
0.33
0.33
0.67
0.12
0.98
0.64
0.59
0.08
0.58
0.82
0.51
0.43
0.61
0.68
0.48
0.54
0.05
0.04
0.92
0.73
0.06
0.15
0.07
0.54
0.45
0.57
0.09
0.06
0.48
0.89
0.53
0.25
0.85
0.54
0.23
0.80
0.36
0.12
0.03
0.86
0.95
0.38
0.54
0.88
0.97
0.56
0.25
0.98
0.71
0.80
0.69
0.70
0.58
0.09
0.58
0.34
0.71
0.81
0.02
0.57
0.28
0.43
0.63
0.51
0.36
0.65
0.21
0.26
0.89
0.46
0.71
0.41
0.26
0.25
0.52
0.40
0.77
0.76
0.32
0.37
0.19
0.50
0.47
0.04
0.40
0.85
0.57
0.28
0.16
0.11
0.25
0.99
0.89
1.00
0.78
0.68
0.32
0.68
0.72
0.88
0.94
1.00
0.02
0.65
0.90
0.65
0.19
0.58
0.72
0.33
0.23
0.50
0.91
0.18
0.84
0.92
0.08
0.48
0.43
0.60
0.91
0.37
0.55
0.19
0.78
0.48
0.19
0.99
0.79
0.56
0.65
0.45
0.62
0.73
0.91
0.43
0.17
0.86
0.97
0.92
0.12
0.68
0.25
0.65
0.18
0.48
0.13
0.79
0.23
0.98
0.10
0.81
0.99
0.39
0.59
0.26
0.83
0.46
0.25
0.79
0.14
0.83
0.31
0.04
0.16
0.72
0.75
0.99
0.71
0.23
0.29
0.96
0.86
0.37
0.17
0.05
0.01
0.44
0.45
0.72
0.98
0.87
0.79
0.88
0.88
0.50
0.43
0.34
0.05
0.77
0.48
0.11
0.66
0.23
0.09
0.67
0.36
0.46
0.04
0.86
0.74
0.05
0.04
0.17
0.77
0.53
0.79
0.38
0.46
0.77
0.40
0.79
0.23
0.99
0.77
0.16
0.75
0.03
0.97
0.49
0.77
0.82
0.21
0.29
0.05
0.46
0.90
0.57
0.42
0.88
0.77
0.04
0.63
0.75
0.77
0.40
0.04
0.82
0.97
0.88
0.30
0.57
0.94
0.11
0.73
0.47
0.67
0.55
0.92
0.06
0.20
0.34
0.76
0.42
0.14
0.85
0.89
0.93
0.69
0.30
0.58
0.74
0.19
0.58
0.87
0.93
0.85
0.92
0.38
0.87
0.78
0.39
0.77
0.56
0.02
0.79
0.87
0.35
0.78
0.72
0.16
0.58
0.41
0.48
0.12
0.53
0.70
0.42
0.28
0.60
0.86
0.64
0.48
0.34
0.72
0.07
0.16
0.16
0.38
0.69
0.46
0.48
0.56
0.69
0.58
0.72
0.75
0.02
0.84
0.93
0.37
0.28
0.70
0.62
0.21
0.34
0.07
0.16
0.46
0.92
0.17
0.57
0.28
0.45
0.46
0.12
0.74
0.30
0.72
0.54
0.66
0.15
0.98
0.56
0.65
0.17
0.94
0.64
0.02
0.34
0.97
0.60
0.98
0.78
0.96
0.02
0.21
0.60
0.28
0.16
0.41
0.31
0.79
0.04
0.68
0.05
0.47
0.86
1.00
0.02
0.35
0.01
0.70
0.92
0.70
0.18
0.81
0.22
0.57
0.86
0.06
0.89
0.73
0.12
0.01
0.64
0.91
0.51
0.10
0.84
0.02
0.65
0.20
0.02
0.23
0.10
0.74
0.40
0.43
0.75
0.58
0.74
0.96
0.08
0.60
0.06
0.88
0.42
0.69
0.82
0.36
0.21
0.22
0.61
0.35
0.04
0.14
0.76
0.94
0.24
0.69
0.20
0.01
0.17
0.58
0.03
0.49
0.63
0.86
0.52
0.51
0.54
0.51
0.26
0.12
0.06
0.05
0.33
0.86
0.83
0.19
0.21
0.66
0.92
0.02
0.03
0.44
0.09
0.70
0.07
0.53
0.54
0.43
0.27
0.91
0.06
0.80
0.28
0.78
0.45
0.41
0.08
0.25
0.61
0.52
0.54
0.09
0.54
0.73
0.16
0.29
0.36
0.49
0.25
0.35
0.23
0.70
0.08
0.77
0.91
0.90
0.16
0.15
0.24
0.58
0.72
0.02
0.95
0.24
0.80
0.68
0.14
0.39
1.00
0.08
0.36
0.97
0.17
0.13
0.71
1.00
0.89
0.99
0.65
0.85
0.07
0.58
0.16
0.33
0.95
0.88
0.43
0.94
0.70
0.35
0.01
0.25
0.39
0.75
0.88
0.72
0.47
0.53
0.40
0.26
0.78
0.35
0.79
0.46
0.20
0.89
0.33
0.39
0.77
0.30
0.33
0.75
0.02
0.69
0.18
0.99
0.86
0.34
0.41
0.51
0.63
0.23
0.29
0.74
0.01
0.20
0.72
0.32
0.89
0.06
0.60
0.17
0.56
0.26
0.82
0.07
0.37
0.11
0.46
0.28
0.84
0.03
0.72
0.02
0.90
0.95
0.04
0.66
0.45
0.36
1.00
0.43
0.95
0.21
0.05
0.77
0.58
0.78
0.28
0.87
0.31
0.18
0.98
0.22
0.54
0.21
0.62
0.40
0.74
0.26
0.25
0.57
0.34
0.64
0.53
0.74
0.52
0.99
0.12
0.15
0.69
0.83
0.64
0.32
0.31
0.75
0.74
0.22
0.78
0.65
0.59
0.30
0.50
0.15
0.96
0.38
0.47
0.85
0.70
0.38
0.45
0.06
0.10
0.38
0.35
0.48
0.86
0.96
0.41
0.76
0.25
0.28
0.33
0.71
1.00
0.80
0.71
0.94
0.47
0.70
0.82
0.43
0.08
0.52
0.31
0.47
0.83
0.94
0.61
0.81
0.41
0.45
0.49
0.52
0.92
0.71
0.56
0.78
1.00
0.10
0.13
0.55
0.64
0.28
0.71
0.24
0.50
0.38
0.10
0.11
0.94
0.69
0.81
0.95
0.71
0.17
0.20
0.60
0.27
0.18
0.29
0.15
0.73
0.64
0.75
0.74
0.13
0.84
0.65
0.94
0.25
0.81
0.37
0.81
0.58
0.32
0.05
0.46
0.34
0.65
0.53
0.98
0.78
0.89
0.43
0.93
0.80
0.24
0.65
0.16
0.35
0.44
0.30
0.31
0.25
0.51
0.42
0.16
0.28
0.22
0.56
0.81
0.99
0.62
0.24
0.86
0.43
0.59
0.75
0.13
0.15
0.51
0.09
0.47
0.61
0.41
0.60
0.60
0.14
0.46
0.55
0.98
0.62
0.29
0.71
0.48
0.58
0.22
0.57
0.12
0.02
0.06
0.29
0.67
0.92
0.93
0.80
0.19
0.40
0.41
0.25
0.20
0.92
0.45
0.46
0.74
0.31
0.50
0.79
0.10
0.89
0.56
0.49
0.12
0.87
0.93
0.02
0.19
0.04
0.59
0.35
0.60
0.43
0.10
0.66
0.34
0.17
0.47
0.87
0.66
0.54
0.86
0.61
0.71
0.71
0.14
0.61
0.72
0.23
0.59
0.45
0.99
0.82
0.60
0.19
0.50
0.88
0.47
0.23
0.44
0.73
0.95
0.52
0.36
1.00
0.54
0.42
0.25
0.54
0.09
0.92
0.75
0.39
0.63
0.59
0.47
0.35
0.62
0.62
0.32
0.43
0.26
0.45
0.16
0.69
0.21
0.58
0.73
0.77
0.92
0.78
0.93
0.32
0.65
0.38
0.53
0.91
0.72
0.78
0.48
0.77
0.69
0.49
0.01
0.93
0.08
0.44
0.24
0.08
0.55
0.75
0.99
0.61
0.58
0.70
0.45
0.18
0.96
0.57
0.38
0.06
0.16
0.35
0.30
0.49
0.22
0.25
0.07
0.02
0.44
0.19
0.50
0.72
0.64
0.90
0.48
0.72
0.48
0.82
0.23
0.99
0.21
0.50
0.28
0.15
0.01
0.15
1.00
0.92
0.25
0.80
0.25
0.47
0.70
0.86
0.99
0.03
0.64
0.69
0.21
0.18
0.64
0.13
0.73
0.10
0.28
0.22
0.72
0.94
0.33
0.42
0.06
0.62
0.41
0.44
0.08
0.61
0.44
0.21
0.36
0.39
0.54
0.82
0.67
0.68
0.57
0.31
0.12
0.75
0.40
0.88
0.41
0.35
0.35
0.27
0.54
0.06
0.10
0.93
0.05
0.08
0.59
0.26
0.54
0.85
0.31
0.50
0.44
0.79
0.89
0.54
0.43
0.11
0.77
0.33
0.63
0.22
1.00
0.03
0.73
0.75
0.49
0.48
0.84
0.99
0.96
0.24
0.79
0.86
0.40
0.23
0.42
0.79
0.70
0.94
0.85
0.05
0.37
0.49
0.38
0.36
0.59
0.27
0.74
0.28
0.23
0.14
0.52
0.57
0.45
0.88
0.11
0.29
0.41
0.50
0.12
0.26
0.31
0.31
0.74
0.32
0.12
0.16
0.36
0.57
0.53
0.63
0.46
1.00
0.30
0.95
0.29
0.07
0.76
0.59
0.05
0.29
0.85
0.97
0.62
0.24
0.20
0.06
0.52
0.48
0.27
0.72
0.27
0.82
0.11
0.48
0.08
0.08
0.57
0.72
0.25
0.39
0.71
0.15
0.18
0.39
0.05
0.08
0.33
0.94
0.56
0.67
0.53
0.33
0.68
0.50
0.33
0.34
0.49
0.63
1.00
0.61
0.68
0.81
0.57
0.44
0.94
0.35
0.11
0.60
0.12
0.04
0.31
0.77
0.34
0.52
0.28
0.80
0.05
0.93
0.98
0.85
0.41
0.08
0.38
0.77
0.58
0.34
0.01
0.58
0.07
0.29
0.25
0.30
0.12
0.71
0.55
0.83
0.33
0.80
0.81
0.79
0.46
0.59
0.84
0.98
0.67
0.68
0.26
0.40
0.06
0.92
0.13
0.95
0.21
0.81
0.21
0.37
0.97
0.53
0.16
0.08
0.85
0.36
0.09
0.55
0.02
0.35
0.55
0.79
0.22
0.71
0.82
0.33
0.24
0.65
0.92
0.91
0.70
0.50
0.45
0.13
0.58
0.80
0.51
0.39
0.58
0.10
0.65
0.63
0.96
0.92
0.94
0.10
0.45
0.37
0.98
0.57
0.83
0.25
0.53
0.62
0.27
0.58
0.60
0.37
0.66
0.81
0.45
0.35
0.46
0.15
0.19
0.76
0.37
0.88
0.59
0.14
0.17
0.39
0.55
0.41
0.41
0.83
0.02
0.72
0.55
0.98
0.82
0.03
0.36
0.07
0.16
0.48
0.19
0.76
0.87
0.50
0.51
0.05
0.50
0.20
0.96
0.59
0.24
0.66
0.70
0.16
0.05
0.81
0.17
0.77
0.37
0.07
0.84
0.98
0.09
0.16
0.72
0.92
0.78
0.87
0.97
0.64
0.17
0.27
0.37
0.76
0.45
0.10
0.27
0.59
0.56
0.87
0.42
0.58
0.03
0.30
0.59
0.31
0.49
0.68
0.90
0.69
0.34
0.45
0.18
0.62
0.52
0.64
0.22
0.17
0.61
0.73
0.60
0.21
0.10
0.90
0.12
0.19
0.21
0.11
0.41
0.61
0.41
0.26
0.51
0.33
0.78
0.12
0.05
0.39
0.60
0.31
0.82
0.37
0.08
0.20
0.05
0.79
0.88
0.92
0.51
0.39
0.34
0.96
0.73
0.11
0.77
0.46
0.16
0.14
