1000
116.015922
97.409067
101.747676
85.010388
96.979768
101.192641
101.889846
104.581814
76.301612
103.949742
93.355080
100.441967
98.287516
93.637434
92.351476
117.312639
101.453502
107.031513
112.041212
100.936702
93.080398
102.610212
92.979739
116.814282
102.741726
101.751983
111.862309
91.369356
106.810325
113.165392
108.283674
109.425642
102.091044
94.102817
102.944210
108.604558
83.312167
95.331270
115.766236
98.682577
90.776838
92.082882
95.580370
89.527022
99.676080
109.553707
109.197588
100.102803
101.804249
79.958856
103.286238
99.959325
97.590495
95.783160
100.147598
75.815948
97.642223
104.376893
119.791865
76.344703
107.424582
107.671305
100.872494
99.002900
109.386368
103.301973
109.445427
109.013089
89.555216
92.417962
78.115696
101.949768
102.946627
111.189094
97.053704
111.444497
84.173100
94.195313
123.089646
80.142154
94.378002
91.501194
88.473105
102.385230
132.673760
98.558477
101.346800
109.641042
103.861956
110.580292
94.797056
95.607304
103.979004
93.151079
95.423816
97.477991
90.369843
94.493574
107.993904
103.141012
91.328927
104.497066
84.782978
85.037600
99.991311
88.173747
102.846711
111.283313
101.057524
105.344725
101.834544
88.503547
102.520871
99.524136
88.912512
102.008942
83.277371
99.225142
99.565669
105.567715
96.815524
97.443329
85.350454
110.477073
91.380208
103.492682
104.861772
112.113978
83.576704
98.464982
95.277097
87.337857
97.747745
89.030862
105.924340
98.812622
93.778659
98.046863
96.013512
94.109433
114.734902
97.674252
79.528980
93.510825
106.222847
88.315122
102.702216
106.152797
95.890497
105.934800
67.023640
106.834342
103.842825
112.155471
116.065109
97.629260
104.733251
101.391960
97.634829
112.658132
110.502170
111.237160
107.659069
95.406259
129.639241
111.431505
91.068500
98.063741
102.048219
110.053741
95.641613
116.699582
106.829634
103.988364
109.256077
106.357097
110.109974
100.654408
99.379673
92.646070
118.414339
99.046002
111.362157
112.335891
101.365631
88.788502
99.741584
102.546880
85.476683
97.244264
80.112251
101.582175
110.037369
98.414180
98.535985
113.827058
94.311456
87.829921
115.302208
113.644272
108.979419
107.467793
82.510679
92.042157
111.607801
111.484898
95.600155
105.022070
105.361788
108.436038
113.079846
106.419502
93.507430
93.500501
92.693678
98.061071
92.946002
85.220048
109.840907
88.940509
106.724208
106.894201
94.110389
83.453520
94.416742
106.974577
89.792680
97.140162
103.726474
88.079441
103.180259
96.684977
97.709999
96.575646
87.587070
105.959735
106.507854
109.786977
108.186079
110.551164
114.408594
111.341022
93.954715
101.338598
89.167839
92.809221
103.551308
93.201375
115.910979
101.582990
113.125710
121.422522
89.756059
112.207876
98.133883
98.231343
99.534442
111.428147
113.220878
102.398663
111.266933
91.326099
88.852580
100.872683
83.055649
107.889212
107.057154
73.013220
86.335195
92.646571
78.567123
89.355111
94.902008
76.276103
97.943136
96.069652
92.840712
86.474986
111.753308
112.057963
101.075316
117.639187
100.741928
101.494668
99.374923
107.000436
80.412251
95.656771
102.241838
121.098055
84.819186
116.336398
112.948287
88.111028
126.917906
114.719094
86.626578
108.468554
100.914094
108.278726
95.294554
106.390720
118.716090
95.731670
91.817200
104.991672
117.465198
94.675255
104.961076
115.150884
91.739144
109.511272
99.914406
91.655311
108.070829
107.035200
99.827874
98.663431
125.860031
105.635905
92.598097
100.752284
94.910248
86.883157
86.126709
115.407301
109.701795
112.767908
103.113740
82.304697
111.470302
95.349525
111.128249
88.648744
101.165537
115.341016
110.514582
90.462138
93.512300
99.679573
72.164976
112.987970
98.220515
88.371140
94.797569
108.109771
117.284994
106.871680
112.264929
88.570456
76.391539
98.004833
105.045396
115.827682
119.655290
103.974935
84.284814
112.062743
102.766968
90.381768
100.692791
105.950324
95.668058
110.236844
84.516363
95.284966
92.143633
108.016424
118.549293
95.416494
87.852988
108.504842
96.863011
97.623810
90.061362
101.208482
119.682489
86.511435
94.570573
102.437292
95.990126
110.811987
99.664219
115.719569
93.465991
112.529333
99.997009
116.687063
111.441130
112.090866
92.972689
92.740437
107.992440
119.485329
113.823586
84.762904
92.577805
92.817579
104.622287
89.908094
104.909597
93.156806
96.243744
101.345139
96.922469
123.548202
106.641900
115.753262
99.948382
93.260025
72.487305
109.038474
99.526363
103.950558
96.189253
79.806215
96.379047
116.291501
95.285031
94.741590
98.347002
105.701788
100.956067
87.660971
100.434566
90.310551
110.426077
95.988064
92.042964
81.937128
116.727801
106.014105
105.175405
103.593931
108.509548
105.050929
98.382355
106.346385
112.502223
83.672163
119.243486
78.114899
94.565228
85.650715
92.031900
98.501205
97.587109
81.633971
97.291882
98.055697
114.084258
101.279587
103.957712
108.524998
90.141845
108.139074
85.671401
92.895725
91.739561
99.206727
93.600258
107.075803
99.972282
98.409432
87.779716
108.604998
96.917370
87.095072
88.427507
103.730329
94.698605
98.146461
81.277364
100.871323
103.655883
103.751275
112.033583
90.935840
111.835426
105.162381
94.216410
104.455327
92.773554
100.318283
110.352195
110.703174
99.612034
82.786319
114.684478
91.557791
93.008870
93.755334
74.765604
87.955527
99.401999
94.979826
100.256637
94.943628
114.797293
105.353072
109.918000
94.765303
84.463130
102.118285
85.995288
80.537790
95.510609
91.621251
99.441215
107.559762
105.715126
109.448890
113.244054
123.215643
103.324448
96.434988
96.678125
98.868014
100.166776
95.757190
101.928634
111.194562
101.974209
120.377702
110.631718
108.896280
113.083504
88.206762
82.048020
112.880247
107.741100
110.625584
102.100686
95.844978
101.542905
107.310048
107.349982
98.810279
100.231183
112.828417
107.467877
101.810477
117.821886
101.539585
99.661597
87.522949
103.795734
100.592822
82.489703
102.426919
112.394721
110.427823
90.912764
101.100134
110.503727
115.931915
98.106678
127.802741
120.754783
86.297015
87.997979
100.078276
93.442860
100.322655
99.584404
98.922671
97.211902
95.702625
78.653449
109.453691
114.542731
116.629370
125.467470
74.202563
110.160436
113.332397
74.352163
96.352225
98.225612
118.470467
102.697730
82.380995
107.331802
84.723671
118.643380
102.795054
84.606562
117.345597
105.425555
109.601381
101.582043
84.433490
87.440167
107.655537
95.668461
106.917559
100.192095
89.379758
93.070603
116.797507
98.467888
90.536933
102.204779
96.685606
92.579123
80.362933
91.962790
110.203004
87.966603
87.389022
93.620090
101.050646
99.289042
85.624351
111.231615
99.748658
94.905349
111.714642
97.123019
97.100671
93.896690
77.156206
109.722590
98.077640
89.715845
117.731063
98.377738
96.277171
105.084102
93.802158
100.703828
95.447235
114.066441
101.030380
106.876948
95.762986
110.220485
102.402668
95.699134
112.103609
100.414299
107.099195
82.743374
117.235170
103.360897
105.136671
94.479547
89.415254
109.679551
108.715817
103.665982
106.613692
97.551220
92.857663
88.354991
97.141621
93.423587
102.846714
102.627295
113.136009
104.433149
103.157428
102.714608
107.961274
110.538092
99.623234
91.291703
97.242647
90.421034
115.307516
88.433776
99.274984
107.887169
90.093936
99.310072
103.011221
110.430768
114.678046
107.290967
97.545243
104.206923
103.446435
98.745884
92.480087
96.865753
63.089558
69.554943
99.788236
100.945182
101.699276
95.520244
92.070387
103.831336
99.255406
104.820323
95.635786
96.801795
97.378617
81.597316
108.656720
85.686155
120.530612
89.982815
80.330984
83.493558
114.044785
97.726225
88.677019
116.236674
92.027015
103.451290
103.157313
112.314960
94.721514
97.278099
99.887762
113.109013
113.810127
105.574701
111.504856
87.083829
85.009813
89.353602
84.035803
104.408786
91.912899
87.633262
109.897935
108.377296
95.619427
89.464294
103.027249
76.282912
103.321430
91.681387
87.385713
94.809411
108.286262
91.056829
103.205258
93.760557
99.419967
96.227120
89.460025
111.797581
107.653074
105.019452
82.584768
91.807977
82.596401
101.204982
118.099576
105.893647
95.380376
93.842004
77.714007
86.266090
103.054762
112.073943
97.179398
108.173127
95.018439
89.059716
95.110762
106.800797
101.400847
78.040808
93.805714
101.544199
105.369010
98.804337
94.295177
87.757922
121.293757
104.000732
105.867450
104.829082
109.738837
109.265529
118.077770
105.113014
100.252221
90.251647
109.686236
103.108138
111.582064
109.861700
104.711095
113.290104
108.248446
78.883323
104.894429
111.630426
87.489301
110.664643
98.335266
104.084954
97.817287
97.068191
111.741377
102.421192
99.125445
118.312576
125.149357
107.555379
88.090307
106.213227
101.361403
94.710154
96.420881
102.022724
98.410893
96.852603
103.137639
113.635010
116.409473
109.359376
104.743494
97.158977
109.726861
103.350734
92.303456
121.486273
92.414852
100.731194
95.399857
96.051085
109.435533
88.257485
114.675591
101.149896
93.379561
109.600271
91.340700
97.737860
87.242413
94.923154
127.527643
109.262869
98.466881
106.362022
89.986366
98.582026
82.348213
106.215995
99.683918
104.792411
96.208130
118.984125
109.856396
113.143845
100.075056
121.575172
100.700174
100.715822
89.674307
106.768333
102.836332
85.146012
92.433722
96.256768
111.422098
96.573988
94.980190
113.087760
108.488472
96.203010
104.431281
88.724015
94.975567
109.199421
107.210770
117.930381
108.726707
95.703862
90.103220
94.717702
91.593150
88.849166
106.915272
97.715377
109.272126
109.142306
81.781330
94.402383
117.806096
105.199074
104.541179
107.492345
95.325590
94.680771
92.540298
100.617061
92.145678
96.014431
114.538972
85.796490
96.723658
94.909110
96.979852
99.106162
114.578235
93.064693
91.817393
85.323749
91.946422
113.561884
105.986494
109.900764
81.247842
97.066390
102.213287
103.191440
95.038870
107.553755
102.957305
84.522502
88.190519
88.952941
93.459462
113.186396
95.078298
105.278370
107.609457
98.310104
104.771203
87.028338
86.074727
92.079849
101.357808
104.419704
105.503997
99.715183
113.480083
119.626319
91.113941
87.007522
86.729747
97.806849
104.207678
107.084524
113.735233
94.440473
104.487391
85.786505
106.421149
108.365740
95.626250
102.783207
90.399359
96.716955
90.470705
96.274936
94.150189
92.326403
106.468838
92.328713
99.265390
89.959260
106.105997
102.169911
97.638591
106.761359
93.881989
83.981053
115.766018
101.562801
95.506396
99.196006
95.644558
108.320474
103.877388
106.364283
95.017301
116.070589
106.645472
92.836881
92.971708
98.571346
106.855658
95.732544
100.120631
96.598220
109.902754
112.800804
104.768335
84.963941
111.085545
113.546255
112.711393
119.951069
108.456279
97.064370
90.951954
98.444903
88.930010
123.027116
111.433114
99.570880
110.116502
