5000
19
37
22
14
5
48
47
35
77
96
4
37
71
71
43
23
40
49
50
24
19
35
69
31
48
60
46
81
38
42
49
1
48
64
61
49
24
85
47
83
31
77
31
34
34
77
57
88
75
51
71
67
8
54
41
43
36
66
44
62
20
92
82
98
8
18
33
76
70
54
23
83
86
40
96
60
20
86
61
28
54
77
100
33
22
57
52
65
44
16
82
21
12
93
87
52
51
25
68
29
97
21
73
45
87
36
99
75
13
85
51
37
26
43
42
64
45
90
78
72
93
85
94
43
74
34
54
66
69
2
53
31
15
15
45
29
14
29
61
51
36
10
37
59
84
66
55
86
13
45
29
3
8
45
33
64
82
42
87
73
44
28
16
9
55
8
69
75
56
15
97
11
24
42
67
100
79
82
19
95
23
20
2
23
3
67
22
90
88
40
68
21
31
58
33
45
100
47
73
14
49
38
43
57
49
74
2
22
38
37
67
46
99
100
66
98
25
35
81
88
51
62
46
73
19
5
57
41
94
13
72
65
84
22
64
8
25
73
1
56
47
90
84
80
79
90
35
97
46
99
50
51
5
32
53
62
88
35
68
27
43
35
93
25
42
77
35
46
47
80
32
100
68
73
59
72
24
69
41
6
10
91
39
89
82
16
16
54
29
83
79
15
90
76
61
13
61
68
38
68
20
69
85
61
47
49
25
66
99
74
35
69
87
55
49
75
74
15
51
97
67
94
24
94
77
57
78
95
74
95
84
54
88
73
96
65
61
57
75
31
32
58
57
37
57
78
67
89
29
54
37
89
8
50
73
4
70
44
72
79
5
83
49
70
84
18
59
41
47
64
28
1
15
14
95
12
45
84
45
57
21
46
98
78
9
14
50
25
62
23
70
89
53
25
66
41
16
82
37
33
77
12
73
61
75
84
89
83
85
64
32
40
97
48
30
54
75
66
79
44
42
12
14
29
23
54
59
62
82
99
17
75
67
47
72
23
1
93
63
70
81
53
60
95
4
78
92
40
78
52
78
59
47
90
85
90
60
7
16
39
27
3
27
33
1
36
31
85
40
58
13
65
8
71
7
94
57
92
35
25
40
58
40
92
37
64
49
36
40
14
77
96
33
50
83
16
53
84
12
68
89
80
43
90
46
70
99
26
82
53
3
14
14
13
60
80
41
59
42
65
94
46
63
7
37
15
5
15
45
53
89
3
54
95
27
73
2
92
87
49
71
69
10
37
74
50
12
45
28
79
59
63
90
81
22
48
63
4
54
78
48
75
80
77
37
56
79
5
27
7
73
94
47
56
85
58
63
62
40
97
13
99
86
39
33
97
91
88
33
9
70
32
2
11
75
33
98
46
44
29
60
29
61
95
34
30
34
38
85
66
28
51
23
51
10
88
5
40
42
70
9
72
10
99
87
7
23
14
33
33
59
83
28
94
70
52
3
80
4
24
87
76
97
63
73
68
34
57
58
97
47
38
38
98
85
47
85
22
44
52
52
90
55
13
43
23
74
87
88
78
87
65
48
30
55
23
11
67
62
50
100
54
5
49
61
12
2
4
92
82
83
58
10
98
97
27
4
67
25
74
94
92
72
77
94
5
5
73
28
92
52
90
15
91
46
73
60
7
36
24
53
99
58
100
12
9
55
19
21
69
46
41
82
80
15
10
47
3
50
35
5
45
67
93
32
58
5
72
50
2
53
63
69
51
74
79
4
25
96
11
50
17
33
98
19
37
45
71
18
85
35
77
33
86
100
72
3
26
16
61
54
82
91
88
78
8
77
61
45
50
74
91
19
30
49
27
6
9
15
58
14
18
95
10
99
38
59
85
19
20
48
10
44
84
20
2
46
58
68
84
73
65
39
36
26
82
39
14
17
33
67
72
18
65
74
88
79
40
25
13
78
75
79
55
66
94
1
58
54
82
18
21
79
77
44
54
36
29
22
3
23
6
70
91
33
95
20
88
19
81
65
49
97
67
38
80
67
43
79
90
74
48
38
64
32
85
62
34
2
61
83
92
2
98
25
89
98
18
3
71
89
52
4
33
90
86
24
37
24
56
59
31
86
46
79
58
4
24
72
28
71
74
85
41
56
90
33
30
55
14
33
21
7
80
67
7
7
73
38
9
46
72
56
88
88
23
10
88
93
59
94
80
35
11
44
58
70
37
70
69
33
12
65
78
10
15
51
64
50
53
54
85
5
37
23
69
28
3
18
100
71
70
56
62
78
14
30
48
20
29
53
92
24
88
13
86
10
83
59
50
57
25
83
58
92
70
21
1
44
14
52
18
31
6
6
96
31
79
33
29
75
95
91
6
94
7
65
77
16
73
80
53
38
25
8
25
6
65
21
26
38
65
18
95
37
95
2
47
57
24
13
32
57
9
35
19
32
46
49
56
18
25
17
45
82
49
92
65
16
26
47
43
73
91
9
80
55
28
20
8
75
58
46
50
44
2
3
82
81
65
49
40
93
92
16
46
63
48
91
55
3
71
80
42
35
63
53
6
27
39
17
46
75
47
71
14
15
27
65
13
9
21
33
75
25
64
38
1
85
22
52
78
93
6
79
68
97
77
47
97
82
57
8
85
2
86
41
78
95
96
98
76
24
100
90
25
88
49
49
30
21
27
26
66
72
4
19
28
81
56
7
91
29
29
10
91
62
63
82
73
55
11
20
56
88
24
100
3
67
65
97
34
41
92
57
3
55
73
68
40
66
7
79
18
1
69
89
36
10
14
46
37
6
81
81
23
52
86
18
96
81
74
73
50
92
7
83
47
76
20
79
21
12
65
5
40
64
8
79
73
86
93
77
39
88
88
91
15
11
73
89
42
45
94
11
84
71
39
17
24
18
45
46
7
15
37
90
30
47
20
9
45
57
69
4
17
83
69
50
66
53
81
40
51
4
14
36
52
13
13
61
28
4
30
45
6
54
28
42
87
75
83
42
50
35
77
88
29
27
87
64
81
31
68
92
59
48
24
28
96
71
1
73
58
81
19
24
76
90
25
73
77
95
82
53
3
19
34
51
14
1
17
95
87
94
91
91
19
8
45
72
60
67
89
70
65
75
24
62
16
49
68
19
13
28
66
36
62
68
48
69
79
73
68
70
77
56
62
81
66
45
8
58
72
67
12
9
74
29
75
19
32
8
95
2
16
39
51
25
97
54
100
75
38
81
17
31
70
73
42
94
94
69
83
19
20
64
39
72
97
70
80
39
41
7
36
1
10
72
69
58
43
5
97
74
28
60
53
55
67
84
47
47
100
67
16
47
91
1
82
36
5
15
84
62
52
39
80
4
39
39
50
57
49
6
67
68
99
100
36
45
45
54
16
79
13
83
28
40
11
20
23
17
66
80
97
77
47
1
75
86
3
95
61
60
71
65
68
3
20
69
58
51
6
27
65
28
62
39
84
69
29
87
4
72
98
15
40
60
62
44
7
40
43
62
11
53
85
44
33
7
7
4
84
97
38
67
33
62
35
22
41
21
44
53
89
100
38
2
97
7
36
96
70
76
96
78
58
96
22
1
41
10
74
92
68
26
78
61
36
85
41
100
33
18
14
70
98
71
30
53
71
10
43
69
53
6
59
40
59
53
85
100
67
36
5
29
98
40
48
61
98
37
75
8
29
7
49
85
82
92
19
76
14
3
3
17
39
13
10
46
47
29
34
70
58
73
53
55
1
57
100
55
91
70
75
29
58
27
48
94
75
82
69
77
27
88
31
65
25
67
77
76
92
49
26
75
75
1
71
47
26
79
82
94
35
99
70
75
51
13
14
80
17
2
87
96
94
71
57
11
6
94
61
42
100
2
24
84
95
38
69
37
11
48
1
13
5
2
12
13
66
54
43
16
98
53
99
33
74
76
34
27
47
41
16
98
84
7
33
17
93
71
65
77
48
64
81
58
50
78
38
12
84
52
42
47
8
49
44
40
42
76
11
46
16
37
30
27
3
51
8
94
46
7
82
24
42
90
33
58
48
65
61
10
84
58
50
45
82
78
66
99
74
85
34
12
71
90
71
1
2
42
79
97
33
31
69
30
97
7
61
76
18
89
60
88
97
28
60
82
48
1
24
16
73
61
15
71
8
21
52
99
30
5
72
75
83
58
22
32
53
41
1
67
43
37
32
83
27
96
46
7
23
92
68
36
59
70
46
77
38
17
34
59
74
33
42
77
99
47
78
5
92
24
29
8
23
55
91
59
84
77
4
55
86
48
47
88
45
83
36
76
25
80
11
72
84
10
46
33
32
21
26
67
89
22
35
9
95
52
38
28
7
79
50
6
15
36
47
19
93
91
36
35
32
86
98
5
93
75
74
20
83
4
72
59
15
6
92
51
58
44
75
100
86
12
67
68
58
4
42
31
36
5
19
2
42
58
28
81
2
79
77
11
62
44
39
21
30
17
32
21
83
94
42
24
73
64
58
78
77
8
40
27
85
63
93
82
55
70
75
60
72
7
70
10
97
42
13
55
47
23
34
23
69
38
6
82
49
79
33
96
8
43
85
19
72
97
79
93
11
71
39
2
30
17
40
83
12
31
45
66
63
71
18
4
22
30
60
68
41
12
6
70
65
96
47
80
23
19
69
21
83
10
17
88
56
64
76
66
38
60
74
58
47
6
63
11
89
4
25
20
80
100
66
68
87
37
22
83
97
94
15
80
50
51
78
99
90
16
15
37
78
57
6
11
12
94
99
40
39
34
52
39
50
22
55
21
24
30
86
1
52
29
79
76
12
31
82
11
80
33
39
63
7
39
8
36
26
85
54
5
89
62
36
5
74
10
10
33
93
10
56
63
6
14
8
79
43
19
85
22
77
43
10
68
41
6
44
31
14
11
27
27
21
13
40
35
6
82
16
22
60
70
6
23
21
92
72
96
27
19
87
20
9
61
61
41
96
21
34
65
58
48
82
7
24
10
87
18
67
2
27
80
51
43
54
100
10
24
29
29
62
92
71
60
83
91
61
11
88
59
88
35
98
53
92
16
3
84
27
3
14
96
24
40
19
67
8
23
41
1
13
73
43
6
90
32
67
36
50
27
52
67
60
74
10
95
67
45
99
59
58
23
8
80
9
92
48
3
69
56
13
41
4
45
84
60
5
37
42
22
94
28
87
80
63
88
82
93
69
80
54
74
71
68
95
81
45
11
42
56
8
63
22
24
34
41
71
61
38
22
5
32
51
14
52
26
84
22
70
15
24
89
37
35
26
27
99
74
20
5
42
76
24
13
99
39
97
77
59
84
24
59
18
11
24
28
83
90
6
57
39
98
97
53
51
68
23
77
32
38
5
76
80
11
20
41
78
72
75
69
23
72
11
53
94
35
97
79
32
34
2
86
48
77
13
33
87
77
100
74
85
92
35
84
77
68
96
52
74
42
23
98
47
25
6
8
16
75
8
61
78
16
33
92
98
42
89
1
53
37
37
49
1
39
21
26
53
92
54
68
32
46
65
46
67
1
22
33
24
79
4
53
84
76
9
56
74
86
45
17
57
84
94
88
7
92
33
78
30
65
91
88
96
73
67
60
44
10
98
52
79
89
52
39
53
2
2
35
83
30
8
71
35
54
27
3
6
67
54
89
48
44
59
41
12
25
5
48
54
89
27
57
56
96
24
14
20
73
51
56
94
65
25
31
1
4
100
57
14
72
56
84
29
78
9
74
3
74
33
36
34
15
17
93
18
89
46
11
78
27
99
96
32
84
21
66
36
75
20
77
56
85
90
67
69
69
1
53
41
68
56
77
29
63
96
39
49
36
34
36
71
89
93
99
1
83
49
10
22
31
77
79
37
41
72
10
40
94
81
86
4
98
73
66
83
51
9
64
77
25
43
64
47
93
87
72
78
5
26
96
65
66
30
72
47
46
5
76
27
69
8
29
58
6
80
21
69
69
5
90
52
50
44
96
14
45
73
92
38
20
81
59
48
7
46
10
18
75
92
86
56
47
12
5
23
45
83
77
20
79
54
95
76
61
54
57
49
27
90
10
79
86
13
48
82
8
75
66
59
99
57
82
99
65
17
20
9
60
42
52
15
23
27
79
14
24
60
3
95
13
78
24
2
28
70
76
78
43
10
99
25
22
23
42
34
68
94
72
48
75
17
58
78
88
90
5
85
61
43
68
38
37
10
37
16
83
88
8
74
1
8
71
15
33
90
68
44
43
62
92
23
40
93
48
100
58
18
67
94
13
13
43
61
87
8
93
1
33
2
68
71
84
43
68
23
19
45
90
15
95
87
65
11
38
22
95
38
27
26
23
97
53
72
6
63
65
100
21
93
96
44
48
35
71
58
55
62
54
48
11
45
39
26
51
97
46
78
87
46
89
8
91
20
43
71
19
23
45
70
80
55
20
45
31
64
32
99
86
97
99
41
5
64
21
62
92
29
99
15
7
31
7
47
39
17
1
9
90
66
98
33
95
69
38
54
22
100
45
50
53
18
64
59
82
21
95
74
55
60
13
20
88
90
69
43
20
81
12
42
77
52
13
6
100
34
16
77
47
34
53
13
86
72
91
49
16
95
26
95
65
45
83
83
63
23
81
67
30
6
73
93
9
66
4
32
85
76
27
99
48
21
87
77
16
23
67
51
2
56
60
58
46
5
24
30
89
99
41
15
50
5
67
87
86
53
98
29
67
62
46
12
18
12
17
51
58
63
23
5
15
48
87
72
85
43
19
66
3
62
91
99
33
27
52
43
24
87
61
82
15
32
2
30
42
72
55
8
63
99
30
22
77
34
5
67
23
22
100
65
8
42
67
76
16
33
52
47
83
46
95
50
54
90
41
3
100
30
63
8
91
41
23
23
15
79
27
38
25
96
65
81
38
33
97
2
52
48
87
47
35
44
66
60
33
19
65
80
15
64
36
87
29
98
52
99
39
87
7
61
87
27
7
98
2
60
60
28
70
47
25
56
100
29
100
79
28
96
5
15
50
70
31
20
12
76
29
81
95
67
55
8
17
54
15
11
25
32
22
71
86
55
51
21
24
60
20
85
59
51
34
95
5
1
51
15
51
97
58
98
71
82
58
76
87
27
73
33
30
49
23
40
98
49
34
59
84
90
52
86
53
51
14
56
79
43
6
5
80
8
90
45
78
73
51
13
61
51
65
80
43
68
49
42
30
1
8
82
16
63
24
25
9
34
49
69
50
84
51
87
61
20
57
36
4
68
74
41
64
47
39
38
34
29
40
80
61
46
80
87
46
73
7
25
26
29
81
88
50
50
51
77
38
3
54
16
91
98
64
24
4
54
64
14
23
91
30
70
72
86
44
83
85
73
27
16
99
42
33
48
83
44
96
48
91
78
40
29
71
13
83
29
35
91
61
50
29
85
44
1
76
76
65
92
22
36
28
35
13
79
24
65
17
13
4
85
98
32
13
44
56
35
29
19
98
16
17
81
94
33
3
51
97
99
100
51
32
13
76
72
33
49
14
87
26
7
61
82
61
13
100
80
24
36
38
77
4
50
58
39
26
2
34
10
43
40
75
72
9
35
7
71
1
36
40
69
70
13
84
15
26
4
45
41
28
82
29
33
45
83
69
35
33
80
51
95
44
9
33
28
4
42
69
21
56
15
21
86
40
42
19
18
66
5
72
19
24
41
60
82
58
91
77
41
70
75
18
68
65
46
63
94
61
33
47
41
82
50
67
83
37
1
5
24
93
65
52
40
49
97
63
85
56
35
96
65
86
30
8
18
57
34
78
47
43
59
100
39
96
4
53
55
87
22
38
73
80
93
33
42
2
53
60
29
27
54
61
97
92
87
67
2
55
34
94
57
91
57
2
71
27
58
58
69
31
76
4
49
81
90
46
82
4
100
16
76
54
65
44
37
14
97
19
92
60
88
54
70
47
43
55
13
54
83
90
42
15
29
14
5
15
60
95
23
34
24
69
23
87
9
18
81
21
10
34
92
26
72
21
73
7
96
58
99
22
57
49
89
84
28
63
61
61
93
39
73
99
39
67
28
71
82
23
72
28
4
56
86
89
60
30
16
27
29
49
32
24
70
59
6
17
76
31
65
95
91
9
24
78
27
55
84
72
1
64
86
31
43
86
22
98
100
68
89
16
10
50
94
43
15
4
30
70
58
74
96
52
25
79
30
90
26
14
18
87
97
26
18
62
31
68
90
32
85
94
87
27
87
11
57
3
28
70
17
20
21
43
6
70
19
30
26
44
36
25
82
36
61
89
38
87
66
86
62
69
79
64
40
46
37
35
54
3
90
23
59
69
65
18
40
13
94
54
19
34
24
84
26
38
33
100
50
82
50
81
63
76
66
62
95
17
34
70
19
58
96
7
91
88
50
39
67
8
13
8
57
85
28
3
62
81
43
84
9
49
87
87
83
11
34
37
33
98
34
16
81
33
33
67
12
98
64
59
8
58
82
51
43
61
68
48
54
5
4
92
73
6
15
7
54
45
57
9
6
48
89
53
25
85
54
23
80
36
12
3
86
95
38
54
88
97
56
25
98
71
80
69
70
58
9
58
34
71
81
2
57
28
43
63
51
36
65
21
26
89
46
71
41
26
25
52
40
77
76
32
37
19
50
47
4
40
85
57
28
16
11
25
99
89
100
78
68
32
68
72
88
94
100
2
65
90
65
19
58
72
33
23
50
91
18
84
92
8
48
43
60
91
37
55
19
78
48
19
99
79
56
65
45
62
73
91
43
17
86
97
92
12
68
25
65
18
48
13
79
23
98
10
81
99
39
59
26
83
46
25
79
14
83
31
4
16
72
75
99
71
23
29
96
86
37
17
5
1
44
45
72
98
87
79
88
88
50
43
34
5
77
48
11
66
23
9
67
36
46
4
86
74
5
4
17
77
53
79
38
46
77
40
79
23
99
77
16
75
3
97
49
77
82
21
29
5
46
90
57
42
88
77
4
63
75
77
40
4
82
97
88
30
57
94
11
73
47
67
55
92
6
20
34
76
42
14
85
89
93
69
30
58
74
19
58
87
93
85
92
38
87
78
39
77
56
2
79
87
35
78
72
16
58
41
48
12
53
70
42
28
60
86
64
48
34
72
7
16
16
38
69
46
48
56
69
58
72
75
2
84
93
37
28
70
62
21
34
7
16
46
92
17
57
28
45
46
12
74
30
72
54
66
15
98
56
65
17
94
64
2
34
97
60
98
78
96
2
21
60
28
16
41
31
79
4
68
5
47
86
100
2
35
1
70
92
70
18
81
22
57
86
6
89
73
12
1
64
91
51
10
84
2
65
20
2
23
10
74
40
43
75
58
74
96
8
60
6
88
42
69
82
36
21
22
61
35
4
14
76
94
24
69
20
1
17
58
3
49
63
86
52
51
54
51
26
12
6
5
33
86
83
19
21
66
92
2
3
44
9
70
7
53
54
43
27
91
6
80
28
78
45
41
8
25
61
52
54
9
54
73
16
29
36
49
25
35
23
70
8
77
91
90
16
15
24
58
72
2
95
24
80
68
14
39
100
8
36
97
17
13
71
100
89
99
65
85
7
58
16
33
95
88
43
94
70
35
1
25
39
75
88
72
47
53
40
26
78
35
79
46
20
89
33
39
77
30
33
75
2
69
18
99
86
34
41
51
63
23
29
74
1
20
72
32
89
6
60
17
56
26
82
7
37
11
46
28
84
3
72
2
90
95
4
66
45
36
100
43
95
21
5
77
58
78
28
87
31
18
98
22
54
21
62
40
74
26
25
57
34
64
53
74
52
99
12
15
69
83
64
32
31
75
74
22
78
65
59
30
50
15
96
38
47
85
70
38
45
6
10
38
35
48
86
96
41
76
25
28
33
71
100
80
71
94
47
70
82
43
8
52
31
47
83
94
61
81
41
45
49
52
92
71
56
78
100
10
13
55
64
28
71
24
50
38
10
11
94
69
81
95
71
17
20
60
27
18
29
15
73
64
75
74
13
84
65
94
25
81
37
81
58
32
5
46
34
65
53
98
78
89
43
93
80
24
65
16
35
44
30
31
25
51
42
16
28
22
56
81
99
62
24
86
43
59
75
13
15
51
9
47
61
41
60
60
14
46
55
98
62
29
71
48
58
22
57
12
2
6
29
67
92
93
80
19
40
41
25
20
92
45
46
74
31
50
79
10
89
56
49
12
87
93
2
19
4
59
35
60
43
10
66
34
17
47
87
66
54
86
61
71
71
14
61
72
23
59
45
99
82
60
19
50
88
47
23
44
73
95
52
36
100
54
42
25
54
9
92
75
39
63
59
47
35
62
62
32
43
26
45
16
69
21
58
73
77
92
78
93
32
65
38
53
91
72
78
48
77
69
49
1
93
8
44
24
8
55
75
99
61
58
70
45
18
96
57
38
6
16
35
30
49
22
25
7
2
44
19
50
72
64
90
48
72
48
82
23
99
21
50
28
15
1
15
100
92
25
80
25
47
70
86
99
3
64
69
21
18
64
13
73
10
28
22
72
94
33
42
6
62
41
44
8
61
44
21
36
39
54
82
67
68
57
31
12
75
40
88
41
35
35
27
54
6
10
93
5
8
59
26
54
85
31
50
44
79
89
54
43
11
77
33
63
22
100
3
73
75
49
48
84
99
96
24
79
86
40
23
42
79
70
94
85
5
37
49
38
36
59
27
74
28
23
14
52
57
45
88
11
29
41
50
12
26
31
31
74
32
12
16
36
57
53
63
46
100
30
95
29
7
76
59
5
29
85
97
62
24
20
6
52
48
27
72
27
82
11
48
8
8
57
72
25
39
71
15
18
39
5
8
33
94
56
67
53
33
68
50
33
34
49
63
100
61
68
81
57
44
94
35
11
60
12
4
31
77
34
52
28
80
5
93
98
85
41
8
38
77
58
34
1
58
7
29
25
30
12
71
55
83
33
80
81
79
46
59
84
98
67
68
26
40
6
92
13
95
21
81
21
37
97
53
16
8
85
36
9
55
2
35
55
79
22
71
82
33
24
65
92
91
70
50
45
13
58
80
51
39
58
10
65
63
96
92
94
10
45
37
98
57
83
25
53
62
27
58
60
37
66
81
45
35
46
15
19
76
37
88
59
14
17
39
55
41
41
83
2
72
55
98
82
3
36
7
16
48
19
76
87
50
51
5
50
20
96
59
24
66
70
16
5
81
17
77
37
7
84
98
9
16
72
92
78
87
97
64
17
27
37
76
45
10
27
59
56
87
42
58
3
30
59
31
49
68
90
69
34
45
18
62
52
64
22
17
61
73
60
21
10
90
12
19
21
11
41
61
41
26
51
33
78
12
5
39
60
31
82
37
8
20
5
79
88
92
51
39
34
96
73
11
77
46
16
14
1  2  3  4  5  6  7  8  9  10  11  12  13  14  15  16  17  18  19  20  
